$SPEC_ID:
No sample description was entered.
$SPEC_REM:
DET# 1
DETDESC# CK155-12 Easy-MCA-2k SN 11080666
AP# Maestro Version 7.01
$DATE_MEA:
01/20/2022 10:16:50
$MEAS_TIM:
298 300
$DATA:
0 2047
       0
       0
       1
       1
       0
       0
       0
       1
       0
       0
     329
     309
     342
     349
     367
     399
     576
    1201
    1928
    1758
    1068
     757
     580
     451
     414
     453
     451
     458
     499
     521
     543
     565
     605
     643
     650
     694
     783
     807
     847
     846
     933
     997
     980
    1010
    1083
    1129
    1100
    1119
    1147
    1194
    1196
    1223
    1282
    1293
    1250
    1218
    1229
    1310
    1224
    1352
    1289
    1229
    1277
    1311
    1269
    1254
    1314
    1239
    1241
    1321
    1265
    1269
    1245
    1213
    1185
    1214
    1133
    1168
    1113
    1149
    1125
    1131
    1077
    1079
    1100
    1062
    1058
    1056
    1088
    1064
    1056
     999
     996
    1007
    1010
     987
     969
     988
     966
     947
     894
     963
     874
     910
     966
     891
     832
     855
     836
     769
     825
     838
     797
     818
     745
     826
     750
     801
     819
     847
     785
     782
     789
     749
     769
     741
     717
     718
     784
     754
     680
     717
     707
     604
     693
     693
     641
     668
     658
     598
     661
     675
     635
     633
     620
     582
     621
     605
     628
     574
     588
     588
     592
     617
     537
     554
     518
     513
     563
     514
     525
     506
     536
     502
     513
     473
     535
     511
     430
     526
     469
     444
     472
     424
     446
     473
     497
     462
     465
     426
     416
     446
     376
     418
     377
     398
     374
     399
     400
     313
     374
     366
     344
     355
     355
     352
     376
     375
     354
     404
     369
     370
     380
     360
     332
     397
     343
     378
     352
     339
     350
     344
     323
     334
     365
     330
     350
     307
     278
     322
     300
     292
     326
     280
     308
     324
     283
     265
     264
     246
     266
     232
     254
     242
     237
     216
     200
     221
     183
     181
     210
     173
     187
     173
     191
     178
     174
     183
     167
     179
     180
     152
     173
     162
     174
     164
     147
     137
     120
     131
     128
     144
     116
      96
     126
     126
     129
     109
     109
     107
     121
     114
     123
     127
     128
     120
     118
     117
     130
     123
     118
     115
     112
     111
     123
     135
     133
     151
     133
     134
     141
     125
     170
     138
     157
     185
     166
     188
     203
     223
     249
     260
     310
     315
     355
     423
     454
     509
     579
     675
     751
     810
     915
    1057
    1154
    1217
    1343
    1477
    1538
    1548
    1646
    1716
    1712
    1685
    1736
    1655
    1538
    1499
    1415
    1295
    1145
    1045
     975
     827
     766
     611
     510
     479
     399
     330
     268
     221
     192
     125
     128
     107
      89
      75
      83
      60
      54
      55
      59
      47
      55
      43
      56
      49
      53
      54
      49
      43
      53
      48
      50
      48
      52
      55
      52
      42
      45
      54
      53
      40
      36
      53
      31
      53
      34
      38
      52
      45
      49
      51
      46
      38
      48
      32
      46
      43
      44
      45
      59
      40
      44
      53
      38
      43
      33
      42
      43
      43
      39
      45
      32
      46
      50
      41
      36
      35
      52
      36
      41
      43
      37
      36
      36
      40
      43
      46
      40
      45
      33
      38
      39
      52
      37
      48
      50
      38
      35
      61
      48
      39
      35
      52
      48
      46
      53
      54
      47
      28
      33
      43
      49
      44
      44
      46
      39
      44
      43
      37
      52
      51
      31
      54
      33
      41
      49
      31
      38
      46
      52
      31
      44
      33
      43
      35
      35
      40
      35
      32
      39
      32
      32
      36
      33
      34
      36
      29
      24
      26
      34
      29
      19
      24
      34
      31
      23
      32
      19
      29
      22
      30
      28
      33
      26
      27
      18
      24
      39
      26
      25
      26
      24
      25
      28
      27
      23
      23
      33
      16
      30
      31
      24
      29
      32
      30
      30
      29
      31
      24
      31
      26
      35
      27
      25
      21
      29
      28
      35
      37
      20
      17
      31
      29
      35
      26
      22
      28
      30
      19
      28
      25
      21
      30
      27
      25
      25
      21
      19
      27
      26
      25
      21
      28
      17
      28
      20
      27
      22
      25
      24
      15
      27
      32
      30
      16
      27
      32
      30
      20
      29
      25
      22
      16
      20
      27
      29
      15
      15
      18
      19
      24
      21
      25
      22
      26
      21
      24
      29
      20
      15
      21
      19
      15
      11
      21
      29
      14
      15
      20
      26
      23
      17
      17
      14
      17
      19
      24
      17
      18
      22
      17
      14
      15
      16
      22
       6
      15
       9
      13
       9
      14
      17
      21
      19
      17
      14
      15
      15
      14
      12
      14
      10
      21
      20
      15
      16
      17
      11
      16
      15
      15
      20
      13
      17
      14
      20
      16
      14
      12
      16
      25
      15
      23
      23
      23
      18
      21
      22
      26
      32
      24
      30
      30
      31
      24
      26
      21
      31
      35
      28
      38
      30
      24
      41
      31
      37
      33
      32
      35
      37
      51
      43
      54
      52
      47
      52
      33
      50
      53
      54
      53
      62
      54
      45
      50
      50
      45
      39
      40
      35
      31
      28
      36
      26
      26
      24
      34
      34
      26
      22
      28
       8
      16
      14
      16
      15
       9
       7
       8
      11
       9
      13
      11
       7
      10
       6
       9
       9
       9
       6
       7
      10
       8
       4
       5
       5
      10
       2
       6
      11
       3
       4
       4
       8
       6
       7
       9
       6
       6
       6
       3
       1
       8
      13
       4
       6
       6
       5
       7
       7
       8
       4
       6
       7
       6
       4
      10
       5
       3
       4
       7
       3
      10
       4
       5
       4
       4
       8
       6
       6
       6
       3
       4
       7
       6
       7
       4
       4
       4
       2
       3
       7
       1
       7
       8
       5
       7
       3
       7
       4
       6
       6
       3
       3
       7
       8
       6
       3
      10
       3
       5
       5
       7
       8
       4
       7
      10
       9
      11
       6
       8
       4
       6
       7
       4
       1
       5
      11
       8
      12
      11
       6
       8
       9
       7
      11
       8
       6
      11
       7
       6
       6
       4
       9
       5
       3
       5
       4
       9
       5
       5
       6
       6
       4
       3
       5
       4
       5
       3
       2
       5
       2
       5
       5
       3
       5
       3
       8
       4
       4
       9
       3
       7
       3
       6
       3
       5
       6
       1
       3
       2
       3
       1
       6
       3
       6
       2
       3
       5
       4
       4
       4
       2
       2
       6
       2
       3
       4
       1
       5
       5
       3
       2
       5
       4
       5
       3
       3
       2
       1
       5
       2
       4
       3
       1
       6
       4
       5
       2
       2
       1
       5
       1
       2
       4
       2
       5
       3
       1
       4
       1
       6
       2
       4
       2
       8
       0
       3
       0
       3
       5
       4
       4
       6
       2
       3
       4
       0
       2
       1
       3
       2
       3
       4
       0
       4
       0
       0
       0
       5
       5
       2
       3
       4
       6
       3
       5
       4
       4
       5
       3
       5
       4
       4
       4
       4
       3
       5
       2
       2
       4
       6
       9
       9
       6
       7
       2
       8
      10
       3
       2
       3
       4
       6
       4
       5
       5
       3
       5
       8
       4
       4
       4
       5
       4
       4
       8
       6
       1
       2
      11
       4
       2
       2
       2
       3
       3
       7
       1
       3
       5
       6
       4
       4
       5
       1
       6
       4
       4
       4
       2
       1
       6
       6
       7
       2
       5
       5
       3
       3
       6
       0
       6
       4
       1
       3
       8
       2
       1
       4
       4
       3
       4
       1
       5
       9
       1
       5
       5
       3
       6
       5
       3
       2
       4
       1
       2
       5
       2
       1
       3
       4
       0
       5
       2
       3
       5
       3
       2
       3
       3
       2
       1
       2
       5
       2
       2
       4
       5
       4
       1
       3
       4
       3
       5
       1
       2
       1
       0
       1
       2
       2
       2
       4
       3
       3
       2
       0
       2
       1
       1
       3
       0
       2
       3
       0
       0
       2
       2
       3
       3
       6
       4
       1
       0
       2
       2
       0
       2
       0
       0
       2
       1
       0
       3
       3
       2
       3
       4
       0
       3
       1
       1
       3
       0
       0
       3
       5
       0
       3
       1
       1
       0
       1
       3
       2
       2
       1
       2
       2
       1
       1
       1
       1
       1
       3
       2
       2
       2
       0
       2
       1
       4
       1
       5
       0
       0
       0
       4
       2
       5
       0
       1
       1
       1
       4
       5
       4
       2
       5
       1
       1
       0
       2
       2
       1
       4
       2
       6
       3
       4
       2
       5
       3
       1
       3
       3
       6
       5
       5
       6
       4
       4
       5
       6
       5
       6
       4
       6
       3
       5
       5
      12
       5
      10
       5
       7
       8
       4
       7
       6
       8
       3
       1
       5
       4
       1
       4
       4
       7
       6
       1
       3
       3
       6
       9
       4
       2
       3
       7
       2
       1
       5
       3
       0
       1
       7
       3
       4
       3
       1
       3
       1
       0
       1
       0
       2
       1
       1
       0
       2
       3
       2
       0
       0
       0
       0
       0
       0
       1
       0
       0
       1
       0
       0
       1
       0
       1
       0
       1
       0
       0
       1
       0
       0
       0
       0
       1
       0
       1
       0
       0
       0
       0
       0
       2
       0
       0
       0
       0
       0
       0
       0
       0
       0
       0
       0
       0
       0
       0
       1
       1
       0
       0
       0
       0
       0
       0
       0
       0
       0
       0
       0
       0
       1
       0
       0
       0
       0
       0
       0
       0
       0
       0
       0
       0
       0
       0
       0
       0
       0
       0
       0
       0
       0
       0
       0
       0
       0
       0
       0
       0
       0
       0
       0
       0
       0
       0
       0
       0
       0
       0
       0
       0
       1
       0
       0
       0
       0
       0
       1
       0
       0
       0
       0
       1
       0
       0
       0
       0
       0
       0
       0
       0
       0
       0
       0
       0
       0
       0
       0
       1
       0
       1
       0
       1
       0
       0
       0
       0
       1
       0
       0
       0
       1
       0
       0
       0
       0
       0
       0
       0
       0
       0
       1
       0
       1
       0
       1
       0
       0
       0
       0
       0
       0
       0
       0
       0
       0
       1
       0
       0
       1
       1
       0
       0
       0
       0
       0
       0
       0
       0
       0
       0
       0
       0
       0
       0
       0
       0
       0
       0
       1
       0
       0
       0
       0
       0
       0
       0
       0
       0
       0
       0
       0
       1
       0
       0
       0
       0
       1
       2
       0
       0
       0
       0
       0
       0
       0
       0
       1
       0
       0
       0
       0
       1
       0
       0
       1
       0
       0
       0
       0
       0
       0
       0
       0
       0
       1
       0
       0
       0
       0
       0
       0
       0
       0
       0
       0
       0
       0
       0
       0
       0
       0
       0
       0
       0
       0
       0
       0
       0
       1
       0
       0
       1
       1
       0
       0
       0
       0
       0
       0
       0
       1
       0
       0
       0
       0
       0
       0
       0
       1
       0
       0
       1
       0
       0
       0
       0
       0
       0
       0
       0
       0
       0
       0
       0
       0
       0
       0
       0
       0
       0
       0
       1
       0
       0
       0
       0
       0
       0
       0
       1
       1
       0
       0
       0
       0
       0
       0
       0
       0
       0
       0
       0
       1
       1
       0
       0
       0
       0
       0
       0
       1
       0
       0
       0
       2
       0
       0
       2
       0
       1
       0
       2
       1
       0
       1
       3
       0
       2
       0
       0
       0
       2
       0
       0
       1
       0
       0
       2
       2
       0
       1
       0
       0
       0
       2
       2
       0
       0
       0
       0
       0
       0
       0
       1
       1
       0
       1
       0
       1
       2
       1
       0
       1
       0
       1
       1
       1
       3
       6
       7
       3
       8
       4
       6
       5
       4
       4
       6
       4
       2
       5
       4
       4
       3
       3
       4
       2
       1
       3
       4
       3
       2
       2
       2
       4
       5
       2
       2
       4
       3
       5
       4
       2
       3
       0
       1
       2
       5
       4
       4
       4
       2
       2
       1
       1
       6
       1
       5
       1
       0
       1
       0
       1
       5
       1
       0
       1
       2
       2
       0
       3
       1
       1
       1
       3
       2
       2
       2
       2
       0
       2
       2
       1
       2
       0
       0
       3
       1
       0
       0
       1
       0
       1
       0
       1
       3
       1
       0
       1
       0
       4
       2
       4
       0
       1
       0
       1
       3
       1
       2
       1
       0
       0
       2
       0
       2
       1
       1
       3
       0
       0
       1
       0
       2
       0
       0
       1
       2
       1
       1
       0
       1
       1
       0
       0
       2
       0
       2
       1
       3
       1
       2
       1
       1
       1
       1
       1
       1
       0
       3
       0
       1
       3
       1
       0
       1
       0
       1
       0
       1
       0
       1
       1
       0
       0
       1
       0
       1
       3
       1
       2
       1
       0
       0
       0
       0
       0
       0
       0
       3
       1
       0
       1
       1
       1
       0
       0
       1
       1
       2
       2
       2
       1
       1
       1
       1
       1
       0
       1
       0
       0
       1
       0
       0
       2
       0
       2
       1
       3
       0
       0
       1
       0
       0
       3
       1
       1
       1
       1
       2
       0
       0
       1
       0
       0
       0
       0
       0
       2
       0
       2
       0
       1
       0
       2
       0
       1
       0
       1
       0
       1
       0
       0
       2
       1
       0
       0
       3
       0
       1
       0
       1
       0
       1
       2
       2
       1
       0
       1
       1
       0
       1
       0
       1
       2
       0
       1
       2
       0
       0
       0
       1
       1
       1
       2
       1
       0
       0
       1
       0
       0
       0
       0
       0
       0
       0
       1
       1
       1
       1
       0
       1
       0
       0
       2
       2
       1
       1
       1
       0
       4
       0
       0
       0
       0
       0
       0
       0
       1
       0
       0
       1
       0
       0
       0
       1
       1
       0
       0
       1
       0
       0
       0
       1
       0
       0
       0
       0
       0
       0
       0
       0
       0
       0
       0
       0
       0
       0
       0
       0
       0
       0
       0
       0
       0
       0
       0
       0
       0
       0
       0
       0
       0
       0
       0
       0
       0
       0
       0
       0
       0
       0
       0
       0
       0
       0
       0
       0
       0
       0
       0
       0
       0
       0
       0
       0
       0
       0
       0
       0
       0
       0
       0
       0
       0
       0
       0
       0
       0
       0
       0
$ROI:
1
298 346
$PRESETS:
Real Time
300
0
$ENER_FIT:
0.000000 0.000000
$MCA_CAL:
3
0.000000E+000 0.000000E+000 0.000000E+000 
$SHAPE_CAL:
3
0.000000E+000 0.000000E+000 0.000000E+000
