$SPEC_ID:
This is spectrum 006
$SPEC_REM:
DET# 1
DETDESC# CK155-04 Easy-MCA-2k SN 12292282
AP# Maestro Version 7.01
$DATE_MEA:
02/17/2022 11:15:09
$MEAS_TIM:
119 120
$DATA:
0 2047
       0
       0
       0
       0
       0
       0
       0
       0
       0
       0
       0
       0
       0
       0
      63
      72
      65
      78
      85
      81
      92
      90
      92
     104
     120
     116
     103
     112
     102
      99
      95
     125
      99
     142
     135
     119
     135
     133
     162
     161
     149
     189
     182
     236
     190
     245
     247
     240
     247
     292
     261
     280
     276
     278
     319
     288
     309
     302
     313
     332
     328
     371
     342
     348
     392
     322
     350
     352
     359
     349
     343
     329
     312
     339
     330
     382
     328
     389
     369
     376
     317
     370
     383
     357
     382
     339
     318
     306
     334
     321
     299
     315
     339
     304
     301
     284
     291
     312
     293
     298
     325
     277
     304
     284
     301
     289
     302
     257
     282
     262
     252
     258
     272
     235
     253
     229
     247
     247
     219
     253
     245
     222
     231
     241
     259
     257
     240
     234
     226
     236
     224
     218
     247
     216
     219
     203
     229
     210
     198
     232
     213
     217
     225
     200
     239
     225
     205
     178
     186
     197
     206
     178
     215
     171
     183
     185
     178
     171
     158
     181
     174
     164
     176
     131
     151
     159
     140
     163
     161
     143
     155
     180
     156
     150
     135
     130
     144
     159
     133
     136
     137
     136
     120
     120
     126
     137
     138
     129
     107
     111
     116
     130
     103
     133
     125
     127
     120
     114
     117
     114
      96
      93
     127
     119
     109
     102
     104
      95
     100
     108
      99
      99
     112
      96
     104
     109
      83
     108
      94
     101
      98
      85
      98
      97
      92
      82
      65
      71
      81
      81
      95
      89
      88
      60
      83
      76
      86
      97
      83
      87
      67
      78
      89
      65
      60
      76
      77
      69
      61
      82
      63
      60
      76
      69
      75
      75
      70
      56
      87
      72
      61
      77
      63
      70
      74
      66
      49
      52
      60
      68
      65
      64
      68
      62
      61
      75
      54
      53
      57
      65
      71
      65
      52
      60
      73
      60
      63
      74
      57
      71
      58
      61
      66
      67
      48
      53
      61
      49
      59
      65
      57
      73
      53
      61
      57
      52
      69
      64
      63
      55
      55
      63
      76
      52
      54
      58
      59
      61
      71
      72
      52
      64
      59
      63
      51
      55
      69
      58
      50
      65
      52
      40
      52
      37
      51
      56
      80
      55
      43
      53
      53
      50
      50
      47
      39
      49
      35
      53
      46
      52
      52
      43
      54
      47
      40
      53
      36
      49
      67
      58
      50
      42
      56
      47
      46
      45
      61
      50
      58
      54
      36
      35
      42
      44
      47
      38
      65
      36
      44
      44
      46
      33
      49
      54
      57
      30
      48
      38
      47
      32
      36
      36
      28
      36
      23
      45
      43
      31
      32
      41
      33
      37
      35
      28
      22
      37
      44
      37
      42
      37
      32
      29
      35
      29
      36
      45
      36
      37
      32
      34
      32
      30
      35
      31
      31
      28
      23
      29
      23
      30
      37
      31
      35
      28
      35
      34
      25
      41
      32
      28
      34
      39
      36
      29
      29
      34
      33
      38
      40
      37
      38
      30
      31
      24
      30
      29
      34
      29
      30
      32
      36
      34
      34
      39
      28
      34
      39
      21
      38
      31
      21
      34
      22
      27
      40
      38
      42
      38
      40
      50
      41
      42
      35
      54
      47
      52
      40
      51
      69
      64
      75
      76
      64
      76
      82
      77
      68
      96
     111
     116
      92
      98
      82
      98
     103
     105
     103
     101
      98
      77
      77
      91
      82
      76
      87
      74
      82
      54
      80
      70
      53
      53
      45
      42
      43
      47
      31
      43
      38
      40
      32
      45
      38
      34
      26
      24
      27
      27
      26
      30
      25
      23
      26
      20
      23
      34
      27
      30
      21
      34
      23
      20
      22
      30
      26
      24
      26
      20
      23
      26
      21
      24
      33
      27
      26
      19
      30
      24
      33
      26
      29
      25
      23
      25
      28
      22
      30
      20
      35
      33
      31
      28
      36
      30
      35
      28
      30
      27
      38
      37
      34
      45
      35
      35
      38
      45
      42
      50
      38
      45
      39
      50
      41
      48
      55
      37
      43
      55
      46
      37
      25
      42
      41
      40
      33
      36
      37
      40
      38
      29
      36
      25
      33
      20
      27
      37
      17
      18
      25
      35
      24
      21
      24
      23
      26
      22
      20
      45
      18
      25
      23
      23
      19
      21
      26
      18
      18
      28
      29
      19
      32
      25
      20
      25
      28
      28
      25
      20
      24
      19
      16
      17
      23
      13
      18
      24
      20
      22
      24
      25
      12
      18
      23
      28
      16
      14
      14
      14
      27
      24
      17
      10
      16
      12
      15
      15
      18
      20
      12
      10
      19
      13
      22
      21
      12
      16
      14
      13
      12
       9
      11
       8
      13
      12
      10
      11
      12
       9
      17
      12
      15
       6
      10
      15
      16
      10
      16
       8
       9
       9
      14
      21
      10
       9
      16
       9
      14
       9
      13
       9
       8
      15
      17
      15
      11
       5
      12
      12
      15
      12
       8
      14
      13
      11
       6
       6
       7
       6
       9
       8
      11
       9
      11
      10
      14
      12
      14
       7
       9
       9
      13
       5
      13
      10
      16
       5
      11
      16
      16
      14
      14
      11
      12
      13
      15
      17
      17
      19
       8
      23
      27
      21
      26
      27
      35
      29
      29
      32
      42
      40
      46
      33
      31
      44
      42
      63
      57
      59
      51
      70
      55
      59
      74
      66
      76
      72
      73
      67
      70
      73
      67
      75
      70
      59
      65
      69
      69
      62
      51
      40
      63
      51
      59
      46
      41
      45
      37
      44
      34
      34
      37
      40
      33
      38
      32
      29
      26
      28
      24
      16
      26
      20
      24
      11
      26
      21
      24
      17
      25
      31
      17
      22
      22
      20
      28
      13
      21
      28
      23
      17
      32
      21
      20
      15
      26
      18
      17
      16
      17
      19
      22
      14
      16
      18
       7
      14
       8
      16
      10
      15
      18
       8
      14
      13
       7
      11
      10
      14
       9
       5
       9
       5
      10
       8
       9
      12
       6
      12
       7
       8
       6
       8
       6
       2
       6
       3
       6
       5
       6
       2
       6
       7
       7
      11
       6
       6
       2
       7
       4
       8
       6
       8
       3
       8
       5
       3
       5
       6
       3
       6
       3
       2
       4
       4
       5
       4
       5
       9
       7
       6
       5
       7
       7
       4
       2
       9
       6
       2
       6
      10
       9
       9
       8
       6
       6
       3
       7
       4
       5
       5
       7
       8
       4
       4
       4
       2
       7
       8
       5
       7
       5
       4
       3
       8
       3
       5
       9
       3
       6
       3
       5
       8
       9
       7
      10
       1
      10
       6
       6
      11
       6
       8
       5
       5
       6
      12
       9
      10
       5
       8
       4
       6
       9
       8
       8
      10
       4
       9
       5
       5
       6
       8
       4
       6
       5
      11
       9
      11
       4
      13
       7
       7
       4
       8
       6
       7
      12
       9
      15
       9
       2
       6
      10
       6
      11
       3
       7
       7
      10
       7
       3
       6
       5
       9
       5
       5
       6
       7
      10
       9
       5
       8
       4
       6
       6
       7
       4
       5
       4
       5
       9
       6
       5
       6
       6
       6
       5
       8
       6
       1
       5
       7
       8
       3
       4
       5
       6
       9
       7
       9
       5
       7
       8
       7
       1
       6
       4
       4
       5
      11
       6
       6
       6
       6
       3
       2
       6
       6
       6
       8
       8
       6
       4
       4
       6
       5
       5
       4
       5
       2
       6
       7
       4
      11
       4
       6
       4
       3
       8
       4
       9
       5
       9
       2
       4
       4
       5
       7
       3
       5
       6
       6
      10
       5
       6
       7
       7
       5
       7
       7
      14
       2
      11
       7
       8
       8
       6
       5
       9
       5
       5
       7
       9
       4
       9
       7
       4
      11
       5
       6
       6
       3
       7
       2
       5
       5
       6
       9
       5
       2
       5
       4
       7
      13
       9
       3
       5
       9
       4
       2
      11
       2
       7
       6
      10
       4
       5
       3
      10
       6
       3
       5
       1
       8
       2
       3
       8
       6
       5
       9
       3
       7
       2
       6
       5
       6
       8
       7
       2
       6
       3
       4
       3
      10
       5
       7
       1
       7
       8
       3
       3
       4
       7
       9
       4
       4
       6
       2
       8
       5
       5
       6
       9
       4
       6
       6
       3
       4
       5
       3
       8
       7
       8
       4
       3
      13
       2
       8
       6
      12
       8
       5
       1
       8
       0
      16
       2
       3
       3
       3
       3
       3
       9
       3
       7
       7
       2
       5
       2
       5
       5
       6
       8
       7
       8
       6
       3
       2
       5
       4
       4
       3
       7
       7
       4
       5
       4
       5
       8
       6
       6
       5
       8
      10
       8
       8
      11
       8
       9
      10
       6
       9
       6
      12
       7
       5
      13
       7
       9
      14
      12
      11
       7
       6
       8
       9
      17
       5
      16
      10
       9
      12
      14
      14
       9
      13
      12
      12
       9
      12
      17
      14
      18
       6
       5
      21
      10
      12
      11
      19
      10
      11
      11
       8
      10
      13
       9
      11
       5
       8
      13
      10
       9
       9
       7
      10
       3
      10
      11
      11
       4
       8
      14
      12
       6
       6
       8
       7
       8
       7
       7
       8
       6
      10
       5
       8
       5
       8
       8
       3
       7
       6
       4
       5
      12
       7
       8
       8
       7
       5
       7
       8
      10
       9
       6
       8
       5
       8
      15
       7
       5
       5
       9
       6
       2
       6
       9
       7
       8
       6
       5
       5
       6
      13
      11
       4
       6
       5
       9
       6
       8
       8
       7
       9
       6
       4
      12
      11
      10
       4
       8
       4
       6
       6
      11
       9
       8
       6
       7
       7
      10
       8
       3
       8
       6
       2
      10
       7
       4
       9
       6
       3
       8
       7
       8
       6
       4
       3
       4
       5
       4
      12
       5
       7
       2
       6
       6
       7
       2
       8
       9
       4
      10
       4
       4
       5
       4
       8
       9
       2
       4
       7
       4
       5
       6
       6
       7
       3
       3
       4
       4
       5
       5
       7
       3
       8
       5
       7
       3
       1
       5
       4
       1
       4
       2
       4
       2
       7
       2
       6
       2
       1
       7
       7
       4
       5
       2
       4
       1
       3
       5
       1
       0
       4
       4
       3
       4
       5
       6
       4
       3
       5
       6
       5
       4
       2
       1
       4
       4
       5
       4
       3
       7
       4
       5
       7
       4
       4
       6
       1
       4
       2
       7
       3
       0
       3
       4
       8
       4
       2
       4
       3
       5
       0
       1
       5
       5
       1
       8
       4
       4
      10
       5
       8
       5
       5
       9
       6
       4
       4
       6
      13
      10
       5
       9
      12
       6
      12
      15
      12
      14
       9
      11
      15
      11
      16
      10
      13
      24
      15
      14
      25
      24
      18
      18
      22
      18
      12
      20
      18
      20
      28
      12
      32
      18
      18
      17
      22
      23
      30
      21
      27
      22
      25
      10
      20
      21
      24
      26
      16
      17
      22
      22
      17
      17
      23
      15
      23
      13
      12
      17
      13
      18
      11
      20
      14
      19
      18
      12
      11
      12
      12
       8
       9
       8
       8
       9
       5
       5
       8
       4
       5
       7
       5
       4
       7
       5
       8
       4
       6
       3
       5
       3
       5
       1
       0
       5
       1
       4
       2
       1
       3
       2
       3
       1
       1
       1
       2
       1
       1
       3
       2
       0
       1
       1
       0
       0
       1
       1
       0
       1
       1
       1
       1
       0
       0
       1
       0
       2
       2
       1
       1
       2
       1
       1
       1
       2
       0
       0
       2
       0
       3
       0
       0
       0
       1
       0
       0
       2
       1
       2
       0
       0
       0
       1
       0
       0
       1
       0
       1
       3
       0
       2
       0
       2
       0
       2
       1
       0
       0
       1
       1
       0
       0
       0
       0
       1
       0
       0
       1
       0
       0
       4
       0
       0
       1
       2
       1
       0
       0
       1
       0
       2
       0
       0
       1
       1
       3
       2
       1
       2
       2
       1
       1
       2
       2
       0
       0
       0
       0
       0
       2
       1
       0
       0
       0
       0
       1
       2
       2
       0
       0
       1
       0
       1
       1
       1
       1
       0
       1
       0
       0
       0
       0
       0
       0
       0
       0
       0
       0
       0
       1
       2
       0
       0
       0
       1
       0
       1
       0
       1
       1
       0
       1
       2
       2
       0
       1
       0
       0
       0
       1
       1
       1
       1
       2
       1
       1
       0
       0
       1
       0
       0
       1
       0
       0
       1
       1
       0
       0
       1
       0
       1
       0
       0
       2
       0
       0
       0
       0
       1
       0
       1
       0
       1
       1
       1
       2
       0
       0
       1
       1
       0
       0
       0
       1
       0
       0
       2
       0
       1
       0
       1
       0
       0
       1
       0
       1
       0
       0
       0
       1
       0
       1
       1
       0
       1
       1
       0
       1
       0
       0
       1
       0
       0
       0
       1
       0
       0
       1
       0
       0
       0
       0
       0
       1
       0
       0
       1
       0
       0
       1
       0
       2
       0
       0
       0
       0
       0
       0
       0
       0
       0
       0
       0
       0
       0
       0
       0
       0
       0
       0
       0
       0
       0
       0
       0
       0
       0
       0
       0
       0
       0
       0
       0
       0
       0
       0
       0
       0
       0
       0
       0
       0
       0
       0
       0
       0
       0
       0
       0
       0
       0
       0
       0
       0
       0
       0
       0
       0
       0
       0
       0
       0
       0
       0
       0
       0
       0
       0
       0
       0
       0
       0
       0
       0
       0
       0
       0
       0
       0
       0
       0
       0
       0
       0
       0
       0
       0
       0
       0
       0
       0
       0
       0
       0
       0
       0
       0
       0
       0
       0
       0
       0
       0
       0
       0
       0
       0
       0
       0
       0
       0
       0
       0
       0
       0
       0
$ROI:
5
471 536
564 647
763 844
1001 1090
1573 1669
$PRESETS:
Real Time
120
0
$ENER_FIT:
-20.212013 1.714672
$MCA_CAL:
3
-2.021201E+001 1.714672E+000 4.288640E-006 keV
$SHAPE_CAL:
3
1.158210E+001 3.853783E-002 -7.560620E-006
