$SPEC_ID:
This is spectrum 008
$SPEC_REM:
DET# 1
DETDESC# CK155-04 Easy-MCA-2k SN 12292282
AP# Maestro Version 7.01
$DATE_MEA:
02/17/2022 11:19:11
$MEAS_TIM:
119 120
$DATA:
0 2047
       0
       0
       0
       0
       0
       0
       0
       0
       0
       0
       0
       1
       0
       3
      62
      81
      79
      67
      88
      78
      66
      90
      82
      86
      84
     109
     113
     103
      90
     112
     101
     100
     116
     140
     124
     142
     154
     143
     150
     160
     161
     164
     197
     185
     227
     236
     234
     231
     235
     256
     251
     276
     249
     271
     289
     309
     278
     309
     322
     347
     336
     352
     350
     323
     334
     324
     365
     319
     326
     311
     350
     359
     341
     340
     352
     338
     364
     345
     352
     370
     343
     330
     333
     341
     316
     348
     293
     301
     318
     316
     300
     312
     317
     283
     293
     291
     312
     278
     256
     306
     287
     280
     281
     301
     289
     261
     262
     263
     251
     255
     266
     252
     253
     272
     283
     253
     274
     233
     246
     234
     237
     240
     222
     251
     215
     218
     217
     217
     218
     257
     208
     234
     200
     221
     222
     202
     219
     224
     227
     211
     217
     205
     225
     213
     204
     217
     216
     208
     200
     210
     189
     199
     196
     178
     180
     169
     194
     171
     157
     178
     149
     139
     150
     166
     157
     160
     136
     145
     138
     146
     128
     134
     123
     137
     133
     118
     140
     122
     128
     147
     118
     113
     139
     114
     131
     128
     117
     122
     115
     125
     104
     113
     104
     101
      98
     109
     114
     106
     100
      95
      89
     101
     114
     104
      99
     106
     125
     103
      92
      88
      93
     102
     113
     107
      94
      95
      92
     111
      86
      82
      94
     107
      95
      81
      89
      84
      81
      75
      94
      66
      80
      71
      72
      74
      67
      82
      76
      76
      64
      64
      80
      73
      63
      70
      69
      81
      77
      87
      65
      81
      69
      59
      69
      74
      65
      66
      76
      54
      68
      64
      54
      58
      63
      59
      54
      55
      57
      64
      60
      67
      63
      60
      62
      60
      72
      54
      48
      41
      61
      51
      65
      53
      66
      58
      61
      52
      66
      73
      45
      70
      46
      66
      67
      67
      53
      63
      55
      50
      59
      53
      59
      47
      53
      51
      55
      63
      66
      71
      69
      52
      62
      54
      58
      54
      65
      54
      57
      60
      65
      53
      48
      46
      51
      61
      45
      53
      52
      64
      60
      43
      53
      47
      56
      49
      50
      49
      45
      51
      53
      53
      34
      52
      53
      54
      52
      46
      46
      57
      50
      40
      54
      38
      55
      45
      44
      43
      51
      50
      37
      48
      48
      49
      53
      41
      34
      45
      52
      53
      45
      36
      49
      37
      40
      43
      41
      42
      43
      39
      38
      40
      49
      38
      46
      39
      47
      26
      37
      28
      41
      33
      28
      42
      29
      32
      31
      26
      40
      31
      40
      42
      37
      27
      30
      37
      31
      34
      30
      35
      43
      30
      42
      17
      29
      38
      36
      37
      41
      37
      33
      35
      24
      34
      30
      31
      23
      38
      30
      28
      31
      40
      32
      30
      39
      26
      22
      22
      35
      20
      43
      24
      38
      42
      34
      24
      48
      39
      30
      29
      27
      31
      30
      34
      33
      28
      28
      29
      25
      24
      39
      24
      29
      32
      16
      36
      37
      27
      27
      26
      32
      28
      33
      29
      27
      26
      37
      23
      30
      32
      26
      31
      45
      41
      39
      45
      54
      39
      48
      50
      55
      48
      67
      67
      59
      71
      72
      67
      84
      71
      70
      71
      95
      83
      79
      80
      83
      70
      76
      92
      79
      74
      67
      70
      67
      58
      68
      63
      69
      67
      55
      54
      59
      36
      38
      43
      45
      44
      31
      25
      32
      37
      25
      31
      30
      27
      29
      28
      31
      31
      24
      24
      23
      22
      22
      23
      22
      32
      36
      23
      29
      23
      33
      26
      25
      19
      24
      42
      27
      16
      25
      21
      25
      29
      24
      21
      26
      29
      18
      27
      18
      26
      15
      25
      23
      25
      28
      32
      30
      24
      23
      40
      30
      22
      36
      29
      40
      38
      26
      33
      24
      30
      35
      29
      33
      27
      35
      39
      42
      28
      38
      39
      43
      41
      42
      44
      36
      33
      30
      44
      37
      55
      45
      45
      47
      36
      25
      35
      32
      33
      30
      28
      33
      27
      21
      29
      32
      27
      32
      18
      23
      24
      24
      26
      25
      20
      11
      22
      25
      24
      32
      19
      27
      21
      27
      24
      24
      23
      38
      20
      18
      25
      22
      20
      21
      18
      28
      25
      18
      16
      27
      24
      22
      24
      18
      18
      18
      16
      16
      21
      19
      19
      21
      18
      21
      31
      22
      19
      14
      27
      24
      20
      15
      11
      15
      17
      15
      12
      10
      17
      17
      13
      11
      17
      16
      17
      14
      22
      18
      15
      13
      15
      12
      13
      14
      17
      16
      10
      11
      12
       8
      11
      11
      12
       5
      13
      18
      12
      14
      12
       9
       9
       8
      12
      11
      14
      16
      12
      12
      11
      12
      14
      12
       6
       9
       5
      12
      16
      14
       4
       7
      15
      15
       9
       9
      11
      13
      13
       8
       8
      11
      10
       8
       8
       9
      14
      10
      10
       8
      11
      10
       6
      11
      12
       6
      11
      15
      11
       8
      10
       9
      20
       5
      13
      18
      19
      14
      15
      17
      11
      14
      24
      15
      28
      23
      24
      40
      25
      36
      34
      30
      31
      41
      37
      42
      48
      52
      67
      50
      56
      51
      62
      64
      79
      63
      55
      57
      65
      65
      79
      61
      79
      65
      73
      72
      80
      81
      67
      60
      64
      55
      67
      67
      45
      50
      61
      45
      35
      44
      56
      49
      36
      41
      34
      23
      32
      27
      33
      28
      20
      23
      26
      17
      19
      15
      16
      21
      27
      19
      15
      24
      26
      25
      18
      15
      22
      15
      28
      18
      24
      20
      16
      23
      29
      23
      10
      20
      17
      13
      21
      19
      18
      16
      19
      12
      13
      16
      16
      15
       9
      18
      10
      16
      13
      18
      15
      19
      12
      16
       9
      11
      10
       9
       7
       4
       2
      10
       9
       4
       7
       8
       7
       7
       5
       8
       5
      11
       3
       4
       2
      10
       6
       6
       8
       5
       6
       5
       1
       2
       4
       3
       5
      10
       4
       2
       5
       6
      10
       5
       5
       7
      14
       5
       2
       9
       9
       4
       6
       6
       6
       5
       5
       3
       3
       7
       5
       1
       4
      16
       6
       2
       3
       3
       9
       5
      12
       8
       4
       7
       0
       3
       8
       4
       6
       7
       6
       6
       5
       5
       3
       4
       7
       4
       4
       4
       5
       1
       7
       7
       8
      11
       7
       6
      11
       5
       6
       6
       5
       6
       6
       4
       2
       4
       8
       8
       7
       4
       8
       4
       5
       8
       6
       5
       9
      14
      12
      10
      10
       6
       6
       6
       8
      15
       6
       7
      10
       8
       5
       4
       4
       6
       6
       9
       8
      13
       8
       4
       5
       9
      10
       7
      11
      10
       6
      10
       7
       5
      10
       9
      10
       6
       7
       7
       9
      10
       5
       6
      11
      11
       8
       7
      12
       6
      10
       6
       9
       7
       6
       6
       3
       7
       6
       6
       7
       8
       7
       6
       2
       4
       4
       5
       4
       5
       7
       4
       7
       4
       3
       7
       7
       4
       7
       7
       3
       4
       3
       5
       6
      10
       9
       8
       4
       4
       4
       6
       2
      10
       5
      11
       5
       5
       5
       5
       2
      10
       9
       5
       6
       6
       7
       9
       2
       8
       8
       6
       5
      11
       4
       3
      10
       9
       3
       6
       7
       6
       6
       4
       8
       9
       2
       2
       4
       3
       4
       8
       6
       6
       5
       5
       6
       7
       4
       5
       4
       7
       6
       3
       3
       8
       3
       4
       9
       7
       5
       2
       3
      10
       8
       3
       7
       4
       7
      10
       5
       6
       4
       4
       2
       6
       5
       5
       6
       3
       3
       5
       5
       4
       7
       7
       2
      10
       7
       4
       5
       5
       7
       3
       5
       9
       5
       6
       0
       4
       5
       5
       6
       3
       5
       7
      11
       7
       2
       3
       7
       6
       5
       5
       6
       7
       8
       7
       6
       6
       5
       6
       7
       4
       4
       3
       2
       5
       7
       5
       5
       7
       5
       8
       5
       5
       6
       4
       6
       2
       3
       5
       3
       7
       6
       5
       4
      12
       8
       4
       9
       2
       4
       8
       8
       7
       5
       4
       7
       4
      11
       7
       4
       4
       5
      10
       6
       6
       4
       4
       7
       3
       6
       6
       1
       3
       9
       7
       8
       5
       7
       7
       6
       6
       3
       7
      10
       6
       9
       3
       4
       3
       9
       4
       6
       6
       7
       4
       7
      13
       7
      13
       5
       9
       6
       8
      13
      10
       5
       6
      12
       9
      12
       9
      11
       8
       7
      11
      10
      10
       8
       9
       7
      11
      13
      17
      13
      13
      12
      15
      10
      11
      20
      16
      17
       9
       9
      13
      13
      11
      14
       7
      18
      20
       8
      18
      12
      14
      11
      13
      13
      14
      15
      13
      12
      10
       9
       4
      12
       9
       4
       8
       7
      11
       6
       9
       7
      14
       5
       4
       5
      12
       7
       8
       7
      10
       6
      10
       9
       7
       7
       8
       6
       6
       5
      10
       5
       3
       5
      11
       3
       3
       7
       3
       7
       9
       7
       5
       7
       5
       7
       6
       7
       7
       3
       8
       6
       3
       4
      12
       4
       2
       5
       8
       6
       8
       5
       4
       9
       2
       7
      12
       5
       7
      11
       8
       5
       7
       8
       8
       3
       6
      11
       8
      11
       2
       4
       6
       8
       5
       2
       7
       3
       8
       9
       7
       5
       8
       8
       9
       5
       2
       9
       6
       4
      10
       6
       7
       5
       5
       6
       6
       6
       8
       8
       9
       5
       9
       6
       7
       6
       9
       6
       2
      10
       7
       5
       5
       8
       6
       8
       4
       3
       6
       1
       2
       5
       5
       3
       5
       1
       7
       4
       1
       7
       2
       3
       9
       2
       4
       4
       6
       4
       5
       4
       5
       6
       3
       4
       2
       1
       3
       6
       6
       4
       2
       1
       7
       4
       4
       6
       2
       1
       2
       2
       3
       0
       6
       2
       4
       5
       4
       2
       5
       1
       4
       3
       2
       7
       3
       6
       1
       4
       6
       3
       2
       3
       2
       4
       3
       4
       1
       1
       1
       4
       4
       4
       2
       2
       4
       4
       2
       1
       8
       1
       2
       4
       4
       4
       1
       8
       3
       4
       6
       4
       1
       3
       1
       5
       7
       4
       6
       2
       5
       5
       8
       6
       7
      11
       8
       5
       5
       6
       4
      11
      13
       7
      12
      16
      13
       6
      20
       9
      25
       5
      16
      17
      12
      16
      24
      25
      20
      16
      24
      24
      24
      19
      26
      27
      16
      12
      27
      21
      18
      19
      17
      17
      24
      28
      23
      21
      22
      18
      29
      19
      22
      24
      28
      21
      17
      19
      13
      21
      13
      22
      19
      25
      18
      21
      14
      13
      24
      12
      11
      10
       9
      10
      16
      11
      15
      16
      14
      10
      11
       9
      11
       7
       6
       5
       7
       8
       4
       4
       3
       7
       5
       3
       4
       5
       3
       1
       4
       5
       2
       4
       2
       3
       1
       1
       1
       3
       0
       0
       0
       3
       2
       0
       3
       0
       0
       1
       1
       1
       0
       2
       1
       1
       1
       1
       0
       0
       1
       0
       0
       1
       1
       1
       2
       0
       0
       2
       0
       0
       0
       0
       0
       0
       0
       1
       1
       1
       1
       1
       1
       0
       0
       0
       0
       0
       1
       1
       1
       0
       1
       2
       0
       1
       1
       2
       0
       1
       0
       2
       0
       0
       0
       0
       0
       0
       0
       1
       2
       0
       0
       0
       0
       1
       0
       1
       0
       0
       0
       1
       1
       2
       1
       0
       1
       0
       0
       0
       1
       1
       1
       2
       0
       1
       0
       1
       1
       1
       0
       0
       0
       0
       1
       0
       1
       0
       1
       1
       0
       0
       1
       1
       2
       1
       0
       0
       0
       0
       0
       0
       0
       1
       1
       0
       1
       1
       2
       0
       2
       0
       1
       1
       1
       0
       0
       0
       0
       1
       0
       1
       0
       0
       1
       0
       0
       0
       0
       1
       1
       0
       0
       0
       0
       0
       0
       1
       0
       1
       1
       1
       0
       0
       0
       1
       0
       1
       1
       0
       0
       0
       0
       1
       1
       0
       0
       1
       0
       1
       1
       0
       1
       2
       0
       0
       0
       0
       1
       0
       0
       2
       0
       1
       1
       0
       0
       0
       0
       0
       0
       0
       0
       0
       0
       0
       0
       0
       0
       1
       1
       0
       0
       2
       0
       0
       0
       0
       0
       0
       0
       0
       0
       0
       0
       0
       0
       0
       0
       0
       1
       0
       0
       0
       0
       0
       1
       1
       1
       1
       0
       0
       0
       2
       0
       0
       0
       0
       3
       0
       0
       1
       0
       0
       0
       0
       0
       0
       0
       0
       0
       0
       0
       0
       0
       0
       0
       0
       0
       0
       0
       0
       0
       0
       0
       0
       0
       0
       0
       0
       0
       0
       0
       0
       0
       0
       0
       0
       0
       0
       0
       0
       0
       0
       0
       0
       0
       0
       0
       0
       0
       0
       0
       0
       0
       0
       0
       0
       0
       0
       0
       0
       0
       0
       0
       0
       0
       0
       0
       0
       0
       0
       0
       0
       0
       0
       0
       0
       0
       0
       0
       0
       0
       0
       0
       0
       0
       0
       0
       0
       0
       0
       0
       0
       0
       0
       0
       0
       0
       0
       0
       0
       0
       0
       0
       0
       0
       0
       0
       0
       0
       0
       0
       0
       0
       0
$ROI:
5
471 536
564 647
763 844
1001 1090
1573 1669
$PRESETS:
Real Time
120
0
$ENER_FIT:
-20.212013 1.714672
$MCA_CAL:
3
-2.021201E+001 1.714672E+000 4.288640E-006 keV
$SHAPE_CAL:
3
1.158210E+001 3.853783E-002 -7.560620E-006
