$SPEC_ID:
This is spectrum 013
$SPEC_REM:
DET# 1
DETDESC# CK155-04 Easy-MCA-2k SN 12292282
AP# Maestro Version 7.01
$DATE_MEA:
02/17/2022 11:29:16
$MEAS_TIM:
119 120
$DATA:
0 2047
       0
       0
       0
       0
       0
       0
       0
       0
       0
       0
       0
       0
       0
       1
      69
      66
      60
      88
      69
      71
      98
      92
      92
      85
      94
      76
      77
     100
     104
      79
     107
     119
     115
     124
     111
     101
     139
     127
     140
     152
     160
     180
     152
     198
     221
     213
     215
     207
     248
     276
     248
     253
     267
     282
     310
     283
     264
     326
     308
     306
     336
     343
     323
     311
     295
     315
     304
     319
     351
     362
     335
     358
     324
     339
     362
     331
     347
     299
     330
     341
     338
     333
     353
     318
     324
     294
     303
     348
     316
     282
     294
     288
     308
     300
     276
     288
     299
     272
     286
     269
     275
     266
     257
     253
     282
     276
     241
     246
     245
     251
     246
     227
     243
     239
     216
     236
     239
     239
     222
     245
     239
     239
     251
     211
     207
     216
     193
     218
     222
     205
     222
     211
     201
     223
     205
     199
     201
     197
     197
     210
     188
     181
     170
     176
     144
     205
     188
     184
     163
     189
     198
     185
     162
     172
     183
     142
     159
     160
     161
     156
     154
     142
     128
     152
     124
     133
     152
     124
     118
     119
     166
     121
     140
     125
     121
     124
     119
     118
     128
     112
     121
     105
     119
     119
     110
     129
      89
     122
      90
     112
     117
     113
     106
     103
     108
     107
     105
     119
      95
     100
      79
      93
     101
      93
      88
     101
      90
      95
      87
     106
      79
     115
      80
      93
     108
      76
      85
      85
      92
      70
      79
      65
      82
      87
      75
      68
      79
      86
      62
      67
      59
      65
      69
      69
      61
      68
      67
      70
      62
      62
      58
      68
      66
      64
      64
      66
      70
      66
      57
      69
      75
      50
      55
      52
      80
      58
      59
      71
      47
      42
      60
      55
      65
      86
      61
      63
      48
      68
      56
      50
      62
      65
      59
      42
      56
      42
      46
      66
      65
      56
      55
      44
      50
      57
      38
      50
      56
      44
      43
      59
      40
      44
      53
      54
      50
      55
      48
      51
      38
      59
      52
      65
      51
      32
      39
      57
      48
      54
      52
      56
      65
      40
      50
      51
      44
      55
      51
      53
      47
      53
      51
      44
      59
      44
      49
      52
      40
      37
      38
      38
      60
      52
      39
      48
      35
      38
      38
      41
      43
      37
      47
      47
      32
      46
      56
      35
      37
      49
      32
      53
      48
      32
      44
      50
      47
      34
      33
      44
      52
      49
      46
      49
      48
      35
      38
      43
      45
      31
      35
      53
      42
      34
      27
      37
      33
      51
      30
      46
      37
      32
      34
      35
      38
      34
      35
      39
      26
      25
      29
      34
      29
      29
      31
      34
      36
      24
      33
      32
      26
      27
      27
      39
      30
      40
      32
      26
      28
      25
      28
      26
      39
      24
      39
      30
      30
      30
      25
      28
      16
      23
      23
      29
      30
      39
      20
      27
      29
      28
      22
      22
      27
      33
      19
      35
      22
      27
      33
      28
      31
      29
      23
      28
      32
      19
      31
      17
      27
      30
      32
      36
      29
      22
      24
      27
      21
      27
      28
      23
      25
      22
      25
      24
      22
      25
      24
      26
      19
      17
      24
      20
      33
      28
      20
      29
      26
      29
      18
      24
      19
      36
      34
      27
      19
      36
      30
      17
      30
      34
      25
      38
      31
      41
      51
      38
      48
      47
      43
      40
      41
      59
      49
      33
      36
      35
      51
      54
      55
      44
      54
      44
      49
      39
      39
      42
      33
      47
      39
      42
      41
      43
      38
      40
      26
      34
      36
      26
      36
      35
      32
      28
      28
      28
      25
      19
      21
      22
      21
      25
      20
      23
      25
      22
      24
      33
      17
      27
      32
      21
      23
      23
      24
      23
      24
      25
      23
      18
      26
      19
      22
      28
      27
      23
      27
      24
      27
      28
      26
      19
      23
      32
      28
      23
      28
      22
      26
      33
      29
      19
      29
      38
      20
      23
      25
      29
      26
      22
      19
      37
      19
      26
      26
      25
      34
      28
      23
      15
      35
      30
      28
      33
      18
      33
      34
      40
      33
      38
      23
      23
      22
      27
      33
      21
      23
      29
      23
      27
      20
      25
      31
      25
      26
      27
      23
      29
      29
      20
      22
      24
      28
      22
      28
      21
      24
      22
      19
      21
      21
      26
      25
      18
      26
      25
      29
      19
      19
      23
      20
      14
      21
      18
      20
      26
      22
      20
      24
      17
      15
      27
      23
      24
      28
      17
      27
      24
      18
      18
      22
      19
      26
      20
      21
      22
      25
      14
      12
      17
      14
      16
      19
      12
      16
      20
      15
      17
      14
      13
      12
      13
      18
      14
      11
      19
      19
      14
      14
      16
       9
      11
       8
      15
      11
      17
      13
      10
      11
       8
       7
      10
      16
      12
      13
       9
      10
      14
       9
      11
      14
      14
       6
       8
      11
      11
       8
      11
      12
      15
      15
      12
      12
       7
       9
      10
       5
      13
      10
      16
       8
      13
       5
       9
       6
       7
       8
       8
      13
       7
      11
      14
      13
       9
      14
      11
      10
       4
       6
       8
      11
       6
       8
       6
       3
       7
      12
       4
      17
       7
      13
      14
      12
      12
       7
       9
      17
      12
      14
      15
      19
      25
      17
      18
      23
      24
      22
      22
      32
      35
      32
      30
      34
      48
      41
      47
      50
      54
      39
      56
      55
      54
      51
      69
      68
      57
      55
      60
      60
      67
      60
      68
      61
      68
      72
      75
      90
      75
      64
      60
      59
      56
      77
      58
      62
      48
      46
      45
      35
      45
      50
      45
      36
      39
      29
      37
      30
      34
      35
      25
      27
      24
      20
      22
      24
      21
      18
      29
      23
      19
      25
      20
      23
      20
      22
      21
      20
      18
      21
      22
      19
      17
      18
      25
      22
      19
      15
      13
      18
      22
      16
      26
      19
      17
      12
      23
      13
      19
      14
      21
      14
      16
       6
      10
      10
      13
      11
      11
      10
       6
      12
      11
      12
       8
       4
       5
       7
       7
       4
       8
       6
      10
       5
       2
       6
       8
       5
       5
       6
       5
       5
       7
       2
       5
       4
       5
       4
       7
       7
       6
       7
       8
       2
       4
      10
       6
       6
       6
       9
       7
       7
       6
       5
       2
       5
       8
       9
       5
       4
       9
       2
       6
       5
       4
       8
       6
       3
       5
       4
       7
       3
       6
       5
       4
       6
       2
       7
       7
       3
       2
       4
       4
       4
       8
       4
       5
       9
       5
       4
       9
       8
       4
       2
       4
       4
       2
       6
       7
       4
       3
       8
       6
       8
       3
       5
       4
       3
       2
       7
       9
       3
       4
       6
       7
       7
       3
      13
       8
       5
       6
      10
       3
      11
       4
       9
      13
       4
       3
      15
       4
      13
      12
      10
      12
      10
       7
       8
       8
       6
       6
      12
       6
      14
       7
      13
       7
       9
       9
      10
      17
       7
      12
       8
       8
       8
       5
      10
       8
       6
       8
      14
       7
       2
       3
       6
       7
       7
      10
       6
       5
       9
       7
      14
      11
       5
      10
       7
       8
       5
       5
       7
       5
       5
       4
       8
       6
       7
      11
      10
       6
       4
       2
       2
       5
      10
       5
       7
       3
       3
       9
       6
       7
       6
       8
      10
       9
      10
       9
       8
       5
       4
       4
       7
       6
       4
      10
      11
       4
       6
       4
       7
       7
       8
       5
       7
      12
       7
       5
       4
       9
      11
       3
       8
       7
       4
       2
       3
       6
       4
       5
       5
       8
      10
       3
       9
       2
       6
       4
       5
       9
       4
       5
       8
       1
      10
       4
       3
       4
       5
       1
       5
       5
       8
       7
       2
       3
       4
       3
       1
       5
       3
       2
       6
       2
      10
      10
       4
       3
       6
       5
       2
       4
       2
       8
       7
       4
       4
       9
       6
       6
       8
       3
       5
       6
       5
       4
       6
      10
      10
       5
      11
       1
      12
       8
       5
       9
       4
       2
       7
       7
       7
       8
       4
       7
       8
       5
       1
       9
       6
       5
       5
       6
       7
       4
       9
       5
       6
      13
       8
       2
       9
       2
       7
       1
       4
       8
       8
       3
       5
       5
       2
       6
       7
       9
       4
       6
       6
       5
       6
       8
       2
       5
       4
       8
       5
       9
       6
       9
       8
       6
       7
       9
       6
       4
       7
       6
       8
       4
       7
       8
       6
       5
       6
       6
       6
       3
       8
       3
       1
       3
       4
       5
       4
       5
       8
      10
       8
       3
       7
       5
       7
      10
       8
       6
       5
       5
       8
       4
       5
       9
       6
       5
       8
       5
       8
       4
       9
       7
       2
       5
       5
       7
       5
       7
       8
       5
       8
       8
      11
       6
      13
       5
       8
      11
       8
      12
       4
      12
      12
       8
      11
       7
       9
      13
      13
       9
       7
       9
      15
      11
      11
       9
      18
      11
      18
      13
      11
      10
       8
      13
       9
      11
      11
       8
      14
      13
      13
      10
      13
      16
      15
      10
      17
       9
      13
       8
      20
      11
      13
      13
       5
      11
       7
       6
       5
       8
      13
      10
      10
      10
      14
      12
       7
      10
       4
       7
       8
       9
       4
       8
       9
       5
       7
       7
       6
       9
       8
       6
       5
       6
       4
       7
       8
       5
       9
       3
       2
       9
       7
       2
       7
       9
       4
       5
       3
       8
      10
       6
       7
      10
       7
       6
      14
       7
       9
       5
       8
       9
       5
       6
       7
       2
       6
       2
       5
      10
      10
       6
       8
       2
       6
       4
       5
       5
       7
      13
       4
       5
      12
       5
       4
       6
       4
       7
       4
       6
       1
       6
       4
       5
       4
       6
       6
       3
       9
       8
       7
       5
       8
       8
      10
       4
       3
       8
       4
      14
       9
       3
       5
       5
       5
       5
       2
       5
       7
       7
       3
       6
       6
      12
       6
      10
       7
       3
       6
       5
       8
       4
       8
       7
       7
       6
       4
       2
       4
       7
       5
       3
       4
       5
       2
       6
       5
       1
       8
       7
       7
       4
       6
       5
       3
       2
       3
       3
       4
       3
       6
       4
       0
       6
       4
       0
       6
       3
       3
       5
       8
       2
       3
       4
       2
       4
       6
       6
       6
       1
       2
       6
      11
       1
       4
       7
       3
       4
       5
       2
       6
       3
       0
       3
       0
       4
       2
       3
       5
       2
       4
       6
       2
       5
       1
       4
       5
       3
       2
       1
       2
       9
       3
       5
       2
       1
       2
       3
       1
       3
       6
       6
       4
       5
       4
       1
       1
       4
       3
      10
       5
       7
       6
       6
       9
       9
       8
       5
       7
       5
       5
       8
       8
      10
       8
       8
       7
      12
      12
       7
      14
      17
      13
      13
      15
      12
      15
      30
      13
      10
      23
      19
      18
      11
      26
      17
      31
      18
      17
      21
      14
      18
      25
      17
      32
      22
      19
      25
      24
      24
      28
      22
      25
      16
      17
      17
      19
      18
      17
      16
      14
      19
      24
      13
      16
      14
      21
      17
      19
      15
      15
      23
      13
      12
      11
      16
      16
      16
      14
      13
      10
       5
       6
       8
      11
       5
       9
       8
       6
       6
       7
       5
       3
       7
       2
       1
       5
       3
       5
       4
       6
       7
       2
       3
       2
       2
       3
       1
       1
       4
       1
       2
       2
       1
       2
       0
       2
       2
       6
       0
       0
       1
       2
       0
       1
       1
       0
       1
       0
       0
       0
       1
       0
       0
       2
       1
       0
       0
       0
       1
       0
       0
       0
       1
       0
       0
       0
       1
       1
       0
       1
       2
       2
       0
       0
       1
       2
       1
       1
       1
       3
       0
       1
       0
       1
       1
       1
       0
       1
       1
       2
       0
       1
       4
       1
       0
       1
       1
       1
       0
       2
       0
       1
       0
       0
       0
       2
       1
       0
       2
       0
       0
       0
       1
       2
       1
       0
       1
       1
       2
       1
       0
       0
       1
       0
       1
       1
       2
       0
       1
       1
       2
       0
       1
       1
       0
       0
       1
       1
       0
       2
       0
       0
       1
       0
       0
       1
       1
       0
       0
       0
       1
       0
       0
       1
       2
       1
       0
       0
       0
       0
       0
       0
       0
       0
       0
       0
       3
       1
       1
       1
       0
       0
       0
       1
       1
       0
       0
       0
       0
       1
       0
       1
       0
       1
       1
       0
       2
       0
       0
       1
       1
       0
       0
       1
       0
       0
       2
       1
       0
       0
       0
       0
       0
       1
       2
       1
       5
       0
       0
       0
       0
       0
       2
       0
       0
       0
       0
       0
       0
       2
       0
       0
       0
       0
       0
       0
       0
       0
       1
       0
       1
       1
       0
       0
       0
       0
       0
       0
       0
       0
       2
       0
       0
       1
       0
       2
       1
       2
       1
       0
       0
       1
       0
       0
       1
       2
       0
       1
       0
       0
       0
       1
       0
       1
       1
       4
       2
       0
       1
       0
       1
       1
       1
       0
       0
       0
       0
       1
       1
       0
       1
       0
       0
       0
       0
       0
       0
       0
       0
       0
       0
       0
       0
       0
       0
       0
       0
       0
       0
       0
       0
       0
       0
       0
       0
       0
       0
       0
       0
       0
       0
       0
       0
       0
       0
       0
       0
       0
       0
       0
       0
       0
       0
       0
       0
       0
       0
       0
       0
       0
       0
       0
       0
       0
       0
       0
       0
       0
       0
       0
       0
       0
       0
       0
       0
       0
       0
       0
       0
       0
       0
       0
       0
       0
       0
       0
       0
       0
       0
       0
       0
       0
       0
       0
       0
       0
       0
       0
       0
       0
       0
       0
       0
       0
       0
       0
       0
       0
       0
       0
       0
       0
       0
       0
       0
       0
       0
       0
       0
       0
       0
       0
       0
       0
       0
$ROI:
5
471 536
564 647
763 844
1001 1090
1573 1669
$PRESETS:
Real Time
120
0
$ENER_FIT:
-20.212013 1.714672
$MCA_CAL:
3
-2.021201E+001 1.714672E+000 4.288640E-006 keV
$SHAPE_CAL:
3
1.158210E+001 3.853783E-002 -7.560620E-006
