$SPEC_ID:
This is spectrum 011
$SPEC_REM:
DET# 1
DETDESC# CK155-04 Easy-MCA-2k SN 12292282
AP# Maestro Version 7.01
$DATE_MEA:
02/17/2022 11:25:14
$MEAS_TIM:
119 120
$DATA:
0 2047
       0
       0
       0
       0
       0
       0
       0
       0
       0
       0
       0
       0
       0
       2
      69
      60
      71
      74
      83
      85
      72
      76
     105
      84
      86
      93
      77
     102
      95
     114
     107
     104
     119
      97
     137
     145
     133
     120
     161
     160
     159
     182
     186
     192
     221
     218
     233
     227
     280
     260
     267
     280
     312
     277
     293
     311
     312
     271
     295
     301
     301
     335
     292
     382
     321
     316
     310
     345
     292
     363
     306
     320
     349
     347
     342
     322
     354
     332
     341
     363
     343
     351
     324
     333
     321
     316
     331
     324
     312
     307
     301
     291
     302
     293
     299
     272
     304
     272
     271
     275
     271
     288
     228
     291
     261
     271
     268
     260
     260
     251
     257
     260
     240
     228
     260
     212
     236
     222
     226
     208
     235
     221
     230
     244
     192
     222
     219
     210
     221
     217
     234
     213
     191
     207
     224
     199
     222
     215
     210
     202
     194
     209
     248
     218
     204
     212
     191
     192
     157
     199
     188
     186
     205
     185
     184
     159
     156
     151
     184
     162
     168
     167
     178
     124
     140
     150
     158
     145
     137
     128
     138
     128
     132
     140
     146
     128
     120
     116
     140
     128
     123
     112
     114
     103
     119
     114
     119
     113
     125
     106
     107
     120
     111
     101
      94
      84
      92
      95
      92
     102
     110
      90
      94
      96
      84
      89
     109
     101
      88
      94
     110
      84
      92
      89
      91
     103
      84
      86
      97
      73
      86
      87
      77
      80
      85
      83
      71
      67
      79
      75
      76
      65
      77
      79
      77
      67
      60
      78
      52
      64
      80
      70
      65
      51
      65
      57
      63
      64
      71
      72
      64
      60
      69
      47
      70
      50
      66
      60
      54
      63
      58
      53
      68
      59
      64
      49
      46
      67
      41
      60
      60
      58
      59
      64
      59
      50
      59
      60
      52
      49
      46
      61
      59
      55
      56
      44
      50
      39
      50
      59
      65
      42
      63
      51
      62
      63
      46
      67
      54
      59
      41
      60
      51
      55
      55
      60
      44
      64
      55
      59
      57
      60
      60
      59
      41
      55
      42
      42
      44
      54
      52
      51
      42
      42
      47
      49
      48
      39
      50
      48
      51
      37
      40
      44
      53
      52
      40
      40
      45
      41
      48
      41
      31
      42
      52
      42
      38
      56
      29
      27
      39
      38
      39
      37
      47
      38
      50
      32
      49
      45
      45
      45
      47
      41
      44
      29
      29
      36
      36
      52
      39
      44
      37
      39
      47
      30
      38
      43
      38
      41
      27
      44
      36
      35
      36
      33
      37
      24
      33
      34
      33
      30
      42
      28
      29
      30
      29
      29
      42
      34
      38
      22
      27
      38
      29
      42
      34
      29
      21
      24
      28
      22
      29
      29
      35
      27
      40
      30
      38
      41
      26
      31
      24
      33
      23
      28
      31
      35
      39
      33
      31
      25
      21
      29
      32
      28
      32
      31
      33
      26
      20
      35
      38
      50
      28
      33
      20
      15
      29
      29
      30
      37
      23
      24
      26
      28
      28
      31
      31
      23
      24
      22
      29
      26
      32
      36
      25
      20
      35
      17
      22
      22
      37
      36
      32
      30
      36
      30
      32
      36
      16
      30
      37
      31
      36
      33
      32
      50
      43
      44
      32
      47
      47
      53
      68
      56
      51
      58
      55
      46
      56
      52
      53
      64
      58
      52
      59
      53
      74
      53
      56
      46
      60
      65
      50
      56
      43
      45
      38
      41
      36
      33
      28
      39
      39
      50
      33
      30
      32
      36
      28
      35
      25
      28
      38
      30
      23
      24
      14
      37
      32
      25
      26
      31
      26
      29
      18
      25
      27
      26
      24
      22
      24
      35
      29
      24
      29
      29
      27
      18
      27
      21
      27
      21
      26
      32
      25
      24
      21
      28
      27
      24
      30
      30
      33
      29
      31
      23
      24
      22
      31
      30
      22
      29
      32
      21
      32
      31
      29
      30
      28
      29
      38
      22
      32
      19
      27
      37
      32
      30
      34
      27
      35
      29
      30
      35
      29
      36
      31
      31
      30
      37
      27
      33
      35
      43
      27
      25
      20
      28
      27
      21
      21
      19
      29
      25
      26
      23
      19
      29
      28
      28
      24
      17
      19
      21
      21
      20
      13
      20
      18
      14
      23
      16
      29
      29
      26
      29
      18
      30
      20
      30
      14
      26
      16
      27
      18
      18
      22
      19
      17
      16
      20
      19
      23
      17
      21
      31
      20
      21
      19
      11
      20
      17
      16
      24
      17
      15
      23
      10
      21
      22
      13
      16
      26
      23
       9
      15
      10
      21
      17
      12
      12
      24
       9
      12
      14
      23
      17
      17
      11
      11
      15
       5
      13
      17
      13
      14
       6
      11
      15
      10
      10
      13
      14
      14
      13
       9
       9
       8
      12
      18
      14
      15
      13
      15
      12
       7
      11
      12
      11
       7
       3
       8
      11
       5
      11
       9
       9
      11
      16
      10
       8
      16
       7
       5
      10
       8
       9
       7
      10
       7
      14
      15
       3
       8
       6
      12
      18
      11
      10
      10
       7
      10
       7
       6
       9
      14
      13
      13
      20
       8
      11
      19
      13
      14
      14
      17
      18
      17
      15
      15
      31
      22
      38
      35
      36
      31
      36
      47
      47
      48
      48
      41
      43
      59
      53
      60
      59
      52
      68
      61
      43
      61
      56
      62
      70
      65
      54
      68
      88
      75
      74
      74
      58
      79
      61
      78
      64
      55
      60
      45
      43
      50
      50
      50
      58
      40
      51
      35
      47
      29
      34
      25
      32
      20
      35
      30
      23
      22
      31
      23
      24
      24
      19
      20
      13
      14
      15
      22
      25
      19
      20
      26
      21
      22
      20
      18
      20
      25
      25
      16
      27
      24
      16
      29
      23
      17
      15
      17
      23
      20
      14
      15
      14
      16
      11
      17
      11
      18
      14
      13
      15
      11
      13
      11
       8
      16
      15
       8
      10
      12
       4
       5
       8
      13
       5
       2
       8
       4
       3
       7
       5
       9
       6
      10
       4
       8
       4
       6
       4
       3
       1
       3
       8
       2
       4
       5
       6
       7
       3
       3
       5
      10
       4
       7
       5
       3
       6
       8
       4
       5
       4
       2
       5
       2
       8
       1
       4
       8
       7
       5
       6
       5
       5
       7
       6
       3
       7
       8
       5
       2
       3
       6
       7
       3
       5
       5
       6
       6
       6
       4
       4
       5
      11
       7
      10
       4
       3
       4
      10
       4
       5
       2
       4
       8
       5
       3
       4
       4
       7
       9
       4
       1
       9
       3
       7
       8
       6
      10
       7
       7
      14
       9
      11
      10
       6
       8
       3
       2
       6
       6
       9
       9
      13
      10
      10
       9
      15
       7
      11
       6
       9
       6
       9
      10
      11
       7
      12
       5
      11
      10
       9
       8
       8
       9
       7
       4
      11
       8
       7
      10
       7
       7
       8
       8
       7
       5
       6
       6
       4
       7
      11
       4
       6
       4
       7
       4
      10
       7
       6
       9
       9
       7
      11
       5
       4
       6
      11
       2
       6
       6
       8
       6
       9
       5
       4
       4
       7
       7
       4
       7
      10
       3
       5
      10
       4
       2
       5
       6
       6
       4
       4
       7
       7
       4
       6
      11
       5
       6
       8
       5
       5
       6
       8
       7
       9
       3
       6
       9
       3
       7
      10
       8
       9
       4
       9
       5
       9
       8
       6
       6
      10
       5
      12
       1
       2
       7
       9
       4
       7
       7
       7
       7
       6
       5
       6
       6
       8
       3
       6
       4
       7
       7
       6
       8
       9
       4
       8
       9
       6
       5
       2
       3
       3
       5
       5
       9
       5
       9
       7
      12
       4
       2
       5
       5
       9
       4
       8
      10
       9
       6
       4
       3
       3
      13
       7
       7
       4
       7
       2
       6
       9
       5
       9
       5
       2
       8
       1
       3
       9
       8
       1
       5
       6
       4
       6
       2
       6
       8
       3
       1
       3
       4
       3
       4
       5
       8
       6
       5
       9
       4
       4
       3
       6
       3
       8
       5
       3
       4
       6
      11
       6
      10
       8
       8
       4
       2
      10
       4
      10
       5
       4
       5
       7
       3
       3
       8
       4
       4
       5
       5
       2
       7
       1
       9
       7
       7
       8
       6
       9
       8
       9
       6
       8
       5
       6
       4
       5
       2
       3
       7
       5
       2
       8
       6
       7
       6
       5
       5
       6
       5
       6
      10
       5
       4
       6
       5
       9
       4
       5
      13
       5
       6
      10
       7
       5
       8
       5
       5
       5
       3
       6
       8
       6
       8
       4
       7
       4
       8
       3
       9
      10
       5
       7
      11
       5
       8
       8
      10
      12
      11
       7
       8
      10
      10
       7
       9
       7
      14
       8
      11
      11
      11
       9
       9
      14
       9
       5
      11
      14
       7
      12
       8
      16
       7
      10
       6
      11
      13
      14
      20
      10
      13
      11
      11
      14
      12
      12
      17
      15
      11
       7
      19
       8
       7
      14
       9
      18
      10
      11
      12
      13
      11
       4
       3
      12
      11
       8
       7
       6
      11
       9
       8
       7
       6
       4
       3
       1
       5
       8
       7
      10
       5
      12
       5
       7
       8
      14
      11
       7
       8
      10
       4
       7
       6
      12
       8
      12
       2
       9
       8
       8
       9
       4
       4
       6
       9
       6
       8
       5
       6
       8
       9
       4
       8
       7
       9
       5
       4
      13
       4
       6
       2
       9
       5
      10
      11
      11
       7
      10
       9
       5
      11
       8
       5
      11
       6
      10
      13
       4
       2
       5
      11
       3
      16
       5
       7
       7
       7
       6
       2
      13
      13
      10
       8
       8
       5
       5
      10
       4
       6
       6
       8
       8
       1
       4
       8
       7
       4
       3
       4
       6
      10
       6
       4
       2
       3
       7
       7
       5
       5
       2
       6
       4
       5
       6
       1
       2
       7
       6
       8
       6
       6
       6
       4
       3
       6
       3
       4
       4
       5
       6
       4
       3
       8
       4
       3
       6
       4
       0
       5
       4
       5
       7
       5
       3
       3
       8
       2
       5
       1
       4
       3
       3
       0
       3
       3
       1
       1
       3
       4
       4
       2
       0
       6
       2
       5
       5
       5
       1
       8
       3
       9
       1
       2
       3
       3
       1
       4
       3
       1
       3
       3
       1
       2
       2
       8
       3
       1
       4
       3
       2
       5
       0
       4
       5
       1
       5
       3
       5
       4
       2
       3
       4
       8
       1
       7
       5
       2
       2
       5
       5
       6
       5
       9
       6
       7
       7
       3
       8
       7
       7
       8
      12
      11
       9
      12
       7
      12
      10
      11
      11
      13
      17
      15
       9
      13
      11
      22
      18
      14
      18
      13
      21
      25
      17
      18
      21
      20
      23
      23
      25
      22
      27
      29
      19
      23
      16
      25
      24
      25
      20
      23
      18
      22
      20
      17
      19
      23
      23
      26
      19
      16
      19
      18
       9
      19
      16
      15
      27
      19
      11
      10
      10
      10
      13
      15
      14
      16
      13
      13
      19
       7
       8
       8
      10
       3
       4
       6
       0
      10
       6
       9
       5
       4
       6
       2
       3
       2
       1
       1
       2
       1
       7
       7
       2
       2
       1
       3
       2
       1
       2
       0
       1
       1
       0
       2
       2
       3
       2
       0
       1
       0
       2
       1
       0
       3
       1
       0
       0
       0
       0
       0
       0
       0
       2
       2
       2
       0
       1
       2
       1
       0
       1
       0
       0
       1
       1
       2
       0
       1
       2
       1
       0
       0
       0
       1
       0
       1
       2
       0
       1
       0
       2
       0
       1
       0
       1
       0
       0
       0
       0
       1
       0
       1
       1
       0
       1
       1
       1
       4
       0
       0
       0
       1
       1
       1
       0
       2
       0
       0
       0
       1
       0
       1
       1
       0
       0
       1
       0
       0
       0
       0
       0
       0
       0
       0
       0
       0
       1
       0
       0
       0
       1
       1
       1
       0
       2
       0
       0
       1
       1
       0
       1
       0
       0
       1
       0
       1
       1
       0
       0
       2
       1
       0
       1
       0
       1
       0
       1
       1
       0
       0
       0
       0
       2
       2
       1
       0
       0
       0
       0
       1
       0
       1
       0
       0
       1
       1
       0
       0
       0
       1
       0
       1
       0
       1
       2
       2
       0
       0
       0
       1
       0
       0
       0
       3
       0
       0
       1
       0
       1
       0
       0
       1
       1
       0
       0
       3
       0
       0
       1
       0
       0
       1
       0
       1
       1
       1
       0
       0
       1
       0
       0
       2
       1
       0
       0
       0
       0
       0
       0
       0
       0
       0
       0
       0
       1
       0
       0
       1
       2
       1
       1
       1
       0
       0
       1
       1
       0
       0
       0
       1
       0
       3
       0
       0
       2
       0
       2
       1
       0
       0
       0
       1
       0
       1
       0
       2
       0
       1
       0
       1
       0
       0
       0
       0
       0
       0
       0
       0
       1
       0
       2
       0
       0
       0
       0
       0
       0
       0
       0
       0
       0
       0
       0
       0
       0
       0
       0
       0
       0
       0
       0
       0
       0
       0
       0
       0
       0
       0
       0
       0
       0
       0
       0
       0
       0
       0
       0
       0
       0
       0
       0
       0
       0
       0
       0
       0
       0
       0
       0
       0
       0
       0
       0
       0
       0
       0
       0
       0
       0
       0
       0
       0
       0
       0
       0
       0
       0
       0
       0
       0
       0
       0
       0
       0
       0
       0
       0
       0
       0
       0
       0
       0
       0
       0
       0
       0
       0
       0
       0
       0
       0
       0
       0
       0
       0
       0
       0
       0
       0
       0
       0
       0
       0
       0
       0
       0
       0
       0
       0
       0
       0
       0
       0
       0
$ROI:
5
471 536
564 647
763 844
1001 1090
1573 1669
$PRESETS:
Real Time
120
0
$ENER_FIT:
-20.212013 1.714672
$MCA_CAL:
3
-2.021201E+001 1.714672E+000 4.288640E-006 keV
$SHAPE_CAL:
3
1.158210E+001 3.853783E-002 -7.560620E-006
