$SPEC_ID:
This is spectrum 001
$SPEC_REM:
DET# 1
DETDESC# CK155-04 Easy-MCA-2k SN 12292282
AP# Maestro Version 7.01
$DATE_MEA:
02/17/2022 11:05:04
$MEAS_TIM:
119 120
$DATA:
0 2047
       0
       0
       0
       0
       0
       0
       0
       0
       0
       0
       1
       1
       0
       2
      86
     117
     108
      92
      95
     106
     131
     115
     124
     122
     112
     121
     131
     142
     122
     140
     133
     134
     121
     138
     149
     168
     149
     173
     207
     188
     204
     211
     227
     231
     258
     273
     266
     241
     272
     307
     311
     299
     331
     325
     350
     338
     359
     334
     332
     357
     329
     385
     357
     373
     378
     364
     374
     410
     411
     369
     360
     389
     396
     364
     379
     404
     380
     385
     397
     395
     385
     377
     388
     364
     385
     365
     378
     351
     374
     399
     369
     353
     351
     328
     346
     334
     308
     332
     338
     318
     303
     316
     329
     323
     302
     333
     340
     335
     303
     312
     278
     302
     274
     319
     287
     263
     259
     271
     297
     281
     311
     288
     247
     291
     270
     251
     293
     248
     251
     245
     286
     287
     277
     265
     258
     257
     259
     282
     267
     251
     248
     237
     218
     242
     252
     235
     233
     221
     234
     226
     237
     216
     230
     234
     239
     216
     182
     202
     199
     190
     197
     204
     187
     179
     194
     192
     170
     163
     159
     159
     161
     155
     174
     163
     154
     163
     145
     177
     161
     146
     155
     152
     148
     154
     126
     149
     168
     146
     155
     146
     143
     121
     117
     141
     125
     140
     133
     140
     129
     111
     124
     129
     173
     128
     134
     145
     118
     124
     111
     112
     133
     134
     118
     102
     122
     122
     108
     112
     105
     102
     105
     109
     101
     112
     119
     106
      90
     105
     102
     102
     108
     104
      96
      89
      92
      89
      82
      86
      92
      92
     100
     105
      86
      90
     115
      97
      77
      63
     104
      79
      69
      91
      72
      78
      73
      82
      76
      88
      97
      84
      78
      93
      85
      81
      75
      92
      90
      87
      88
      77
      75
      87
      74
      85
      75
      90
      80
      77
      77
      76
      64
      89
      80
      73
      78
      84
      85
      84
      86
      83
      72
      78
      64
      68
      80
      79
      67
      76
      72
      80
      79
      84
      64
      73
      64
      66
      77
      96
      73
      78
      91
      62
      75
      85
      79
      87
      72
      77
      82
      72
      61
      60
      58
      72
      71
      69
      73
      65
      59
      53
      71
      73
      73
      70
      61
      75
      63
      64
      71
      75
      73
      85
      78
      67
      69
      53
      82
      68
      69
      80
      63
      66
      64
      79
      74
      70
      78
      75
      71
      72
      67
      70
      77
      52
      65
      63
      58
      82
      54
      53
      68
      70
      65
      63
      60
      59
      48
      57
      42
      57
      45
      50
      62
      37
      38
      55
      52
      47
      51
      56
      50
      41
      42
      46
      42
      52
      40
      39
      42
      31
      41
      46
      45
      44
      47
      47
      26
      42
      34
      39
      59
      43
      39
      41
      43
      34
      39
      22
      38
      47
      41
      41
      26
      43
      39
      31
      41
      43
      40
      36
      34
      36
      44
      50
      38
      38
      38
      32
      37
      35
      43
      38
      42
      41
      26
      48
      48
      43
      33
      36
      38
      47
      37
      32
      42
      43
      56
      45
      39
      25
      32
      30
      38
      52
      34
      39
      28
      43
      38
      43
      38
      45
      31
      38
      41
      41
      54
      63
      59
      45
      56
      53
      73
      66
      79
      77
     101
      99
     116
      93
      95
     129
     120
     131
     136
     166
     163
     159
     169
     171
     158
     185
     191
     168
     209
     176
     195
     188
     168
     158
     172
     143
     149
     165
     126
     137
     136
     103
     135
      85
      95
      77
      78
      79
      71
      61
      62
      52
      58
      51
      31
      43
      32
      38
      31
      36
      28
      21
      26
      21
      19
      22
      30
      25
      25
      24
      24
      19
      30
      18
      26
      16
      21
      33
      29
      19
      34
      28
      32
      33
      23
      22
      22
      26
      33
      35
      24
      18
      24
      36
      24
      34
      31
      22
      29
      29
      46
      32
      28
      31
      36
      34
      35
      39
      42
      41
      46
      55
      54
      55
      47
      48
      53
      49
      69
      56
      63
      60
      72
      69
      81
      63
      84
      76
      79
      73
      76
      73
      65
      66
      52
      58
      60
      69
      63
      54
      59
      44
      53
      48
      59
      44
      49
      28
      35
      40
      32
      23
      28
      29
      34
      28
      34
      24
      34
      41
      21
      22
      26
      39
      21
      30
      21
      25
      31
      24
      26
      26
      21
      18
      25
      30
      32
      19
      28
      25
      20
      20
      22
      24
      24
      21
      22
      26
      22
      27
      15
      23
      27
      14
      18
      18
      23
      18
      18
      16
      17
      16
      14
      12
      24
      15
      14
      13
      15
      11
      16
      10
      18
      15
      15
      13
      11
      16
      13
      17
      16
      17
      17
      12
      17
      11
      17
      10
      15
      16
      17
      16
      12
      15
      13
       8
      10
       9
       8
      10
      12
      15
      10
       8
       9
      10
      15
      13
       7
      10
       9
      10
      15
       9
      15
      15
      14
      10
      10
       9
       9
      10
      12
      17
       6
      12
      16
       8
       4
      14
      12
      15
      11
      15
      11
      11
      14
       5
       9
      10
       9
      21
       7
       7
      10
      12
       7
       9
      13
      13
      13
      12
       9
      16
      12
      11
       9
      16
      16
      12
      19
      22
      16
      22
      21
      29
      23
      28
      30
      33
      28
      39
      52
      31
      49
      30
      39
      37
      46
      50
      71
      68
      68
      56
      57
      64
      65
      75
      78
      69
      60
      64
      75
      68
      61
      57
      77
      74
      57
      74
      71
      60
      67
      54
      62
      50
      61
      47
      52
      36
      56
      32
      55
      38
      42
      29
      36
      28
      34
      21
      22
      25
      22
      25
      12
      18
      25
      33
      21
      22
      34
      21
      16
      18
      21
      18
      24
      26
      21
      18
      22
      21
      21
      21
      19
      19
      17
      26
      18
      19
      20
      15
      24
      24
      16
      17
      14
      14
      16
      16
      13
      15
      20
      13
      21
      10
      12
      13
       7
      13
       8
       8
       5
      11
       5
      10
      10
      10
       9
       5
       9
       5
       8
       3
       7
       4
      10
       7
       3
       8
       4
       3
       6
       5
       4
       5
       7
       3
       6
       8
       7
       2
      11
       7
       5
       2
       9
      11
       5
       7
       4
       4
       4
       6
       4
       4
       5
       4
       7
      10
       4
       3
       2
      11
       4
       5
       3
       4
       8
       0
       9
       5
      11
       5
       3
       5
       5
       8
       2
       8
       9
       3
       3
       4
       8
       8
       6
       7
       3
       2
       6
       4
       4
       5
       5
      11
       5
       4
       3
       3
       8
       5
       6
       2
      11
       7
       8
       7
       4
       6
       8
       5
       9
       7
       6
       8
       7
       8
      10
       7
      10
      10
       8
      12
      15
      17
      10
       6
      14
       7
       5
       9
      10
       7
       9
       9
       7
       8
       7
      14
       7
      11
      11
      14
       8
       9
       7
       2
       4
       8
      14
      11
       9
       5
       6
      12
       7
       9
       9
       6
       4
       7
       5
       6
       5
       9
      15
       2
       5
       8
       8
       9
       8
       7
       7
       8
       5
       8
       6
       9
       9
       3
       6
       9
       4
      12
       6
       9
       7
       7
       8
       5
       7
       8
      11
       8
       5
       8
       4
       4
       5
       8
       4
      10
       7
       5
       2
       4
       6
       6
       4
       7
       7
       6
       2
       6
      11
       6
       2
       4
       7
       4
       6
       7
       2
       5
       7
      11
       9
       5
       5
       6
       4
       2
       5
       7
       7
       7
       7
       4
       8
       6
       5
       5
       3
       2
       5
       2
       8
       4
      11
       7
       6
       8
       4
      12
       6
       5
       7
       4
       5
       3
       4
      10
      12
       1
       0
       3
       7
       5
       4
       5
       3
       5
       7
       7
       5
       4
       6
       3
       1
       5
       2
       6
       5
       7
       2
       6
       6
       3
       4
       8
       7
       6
       9
       2
       3
       3
       7
       3
       6
       6
       3
       6
       3
       6
       4
       4
       3
       6
       4
       7
       6
       3
       5
       3
       6
       6
       9
       6
      13
       3
       3
       4
       4
       3
       6
       9
       5
       4
       5
       1
       6
       9
       7
       8
       7
       8
       7
       5
       7
       2
       7
       5
       8
       8
      10
      11
       7
       8
      10
       4
       3
       6
       8
       7
       6
       3
       3
       6
       3
       8
       4
       6
       7
      11
       3
       9
       8
       3
       1
       6
       7
       2
       8
       6
       6
       8
       5
       6
       7
       5
       3
       7
       4
       5
       2
       4
       6
       3
       5
       5
       3
       4
       8
       7
       8
       6
       7
       8
       6
       6
       9
       5
       5
       5
       5
       9
       8
       4
       5
      10
       6
       4
       6
       5
      11
      10
       6
       5
      11
       7
       8
      13
       7
       5
       8
      10
       9
       8
      17
       7
      13
      12
      13
      11
      16
       8
      17
      11
      13
      17
      24
      11
      19
      17
       6
      17
      16
      15
      15
       8
      12
      14
      11
       9
      14
       6
      13
      15
      17
      10
      15
      11
      15
      12
      13
       8
      19
      11
       7
       9
       8
      11
      17
       7
      12
      13
       8
       9
       8
      10
       7
       4
       9
       7
      11
       7
       5
      13
       8
       5
      12
       8
       6
       7
       5
      10
       5
      10
       8
       9
       6
      11
       9
       5
       5
      10
       6
       4
       8
       9
       3
       7
       5
      11
      11
       4
       6
      12
       7
       8
       6
       5
       8
      10
       4
       8
       7
       5
       6
       7
       4
       4
       5
       8
       4
       9
       4
       9
       3
       3
       4
       6
       6
      13
       5
       8
       7
       6
      10
       5
      11
       4
       6
       8
       4
       2
       8
       5
       6
       6
       6
       7
       7
       5
       8
       7
       5
       4
      10
       5
       9
       6
       7
       5
       7
      10
      10
       8
       8
       8
      11
       8
       5
       4
       5
       2
       7
       6
       2
       7
       3
       8
       3
       6
       7
       7
       8
       6
       5
       3
       4
       5
       7
       3
       3
       7
       4
       0
       4
       4
       3
       4
       5
       3
       3
       8
       2
       4
       2
       5
       3
       4
       7
       2
       2
       5
       5
       4
       2
       5
       6
       6
       5
       4
       2
       4
       4
       3
       6
       3
       1
       9
       1
       5
       3
       3
      10
       6
       3
       4
       5
       2
       1
       7
       5
       3
       3
       2
       3
       3
       1
       5
       2
       5
       2
       3
       4
       5
       3
       5
       7
       3
       4
       1
       5
       1
       7
       4
       2
       6
       4
       4
       5
       2
       2
       6
       5
       6
       3
       2
       1
       5
       3
       0
       0
      11
       2
       6
       7
       7
       8
       4
       4
      10
       5
      11
      12
       9
      10
       8
       9
      16
      17
      13
      15
       7
      16
      17
       8
      14
      11
      24
      22
      19
       9
      15
      22
      16
      18
      20
      17
      14
      23
      21
      15
      23
      14
      14
      21
      21
      22
      19
      30
      29
      23
      20
      27
      23
      23
      20
      18
      18
      18
      20
      23
      25
      13
      12
      21
      21
      15
      16
      17
      20
      13
      16
      15
      12
      13
       8
       8
      14
      12
       9
       7
      13
       9
       6
       9
       7
       3
       5
       7
       4
       4
       6
       4
       7
       4
       4
       5
       2
       3
       3
       5
       4
       1
       3
       0
       2
       0
       2
       4
       2
       1
       0
       2
       0
       2
       1
       2
       1
       0
       1
       1
       1
       2
       1
       2
       1
       1
       0
       2
       0
       1
       0
       0
       0
       1
       1
       0
       0
       0
       1
       0
       1
       2
       0
       2
       0
       1
       0
       0
       0
       1
       0
       1
       0
       2
       0
       1
       0
       1
       0
       2
       1
       0
       1
       0
       0
       0
       0
       2
       0
       0
       0
       1
       1
       0
       0
       0
       0
       0
       0
       0
       0
       0
       0
       3
       0
       0
       2
       2
       1
       0
       2
       2
       0
       0
       0
       0
       0
       1
       0
       0
       0
       2
       1
       2
       0
       2
       0
       2
       0
       0
       0
       1
       0
       0
       0
       0
       0
       0
       1
       0
       0
       2
       1
       0
       0
       1
       1
       2
       1
       0
       1
       0
       1
       0
       1
       1
       0
       0
       0
       1
       1
       0
       0
       1
       1
       0
       1
       0
       1
       0
       1
       1
       2
       1
       0
       1
       0
       1
       0
       0
       0
       0
       1
       0
       0
       1
       1
       0
       0
       1
       0
       0
       0
       0
       0
       1
       0
       0
       2
       1
       1
       0
       0
       0
       1
       1
       0
       2
       1
       1
       0
       0
       0
       0
       1
       1
       0
       1
       0
       2
       0
       1
       0
       1
       0
       0
       1
       0
       0
       1
       1
       0
       0
       1
       0
       0
       1
       0
       0
       0
       1
       1
       1
       0
       1
       1
       1
       0
       0
       0
       0
       0
       0
       2
       0
       0
       1
       0
       1
       0
       1
       1
       0
       0
       0
       0
       1
       1
       0
       0
       1
       0
       1
       2
       0
       0
       1
       0
       0
       0
       0
       0
       0
       0
       0
       0
       0
       0
       0
       0
       0
       0
       0
       0
       0
       0
       0
       0
       0
       0
       0
       0
       0
       0
       0
       0
       0
       0
       0
       0
       0
       0
       0
       0
       0
       0
       0
       0
       0
       0
       0
       0
       0
       0
       0
       0
       0
       0
       0
       0
       0
       0
       0
       0
       0
       0
       0
       0
       0
       0
       0
       0
       0
       0
       0
       0
       0
       0
       0
       0
       0
       0
       0
       0
       0
       0
       0
       0
       0
       0
       0
       0
       0
       0
       0
       0
       0
       0
       0
       0
       0
       0
       0
       0
       0
       0
       0
       0
       0
       0
       0
       0
       0
       0
       0
       0
       0
       0
       0
       0
       0
       0
       0
       0
       0
$ROI:
6
471 536
564 647
763 844
1001 1090
1092 1092
1587 1659
$PRESETS:
Real Time
120
0
$ENER_FIT:
-20.212013 1.714672
$MCA_CAL:
3
-2.021201E+001 1.714672E+000 4.288640E-006 keV
$SHAPE_CAL:
3
1.158210E+001 3.853783E-002 -7.560620E-006
