$SPEC_ID:
This is spectrum 005
$SPEC_REM:
DET# 1
DETDESC# CK155-04 Easy-MCA-2k SN 12292282
AP# Maestro Version 7.01
$DATE_MEA:
02/17/2022 11:13:08
$MEAS_TIM:
119 120
$DATA:
0 2047
       0
       0
       0
       0
       0
       0
       0
       0
       0
       1
       0
       1
       0
       3
      76
      75
      89
      85
      81
      91
     113
      95
     103
     114
      84
     123
      99
     111
     123
     108
     127
     111
     141
     135
     131
     168
     145
     138
     173
     171
     180
     158
     212
     227
     225
     259
     215
     273
     263
     251
     279
     253
     294
     325
     301
     306
     346
     306
     299
     374
     324
     325
     362
     341
     347
     333
     352
     393
     359
     368
     347
     368
     342
     363
     348
     362
     361
     335
     332
     355
     334
     386
     361
     361
     316
     363
     342
     325
     347
     344
     324
     300
     347
     332
     301
     318
     302
     297
     335
     287
     274
     298
     293
     280
     302
     270
     259
     282
     287
     272
     282
     271
     251
     274
     274
     265
     243
     249
     254
     243
     238
     224
     203
     244
     226
     259
     280
     241
     253
     214
     234
     235
     229
     238
     210
     231
     232
     220
     220
     227
     219
     210
     223
     225
     203
     204
     221
     201
     203
     196
     211
     189
     230
     207
     182
     163
     183
     186
     184
     164
     190
     177
     178
     162
     215
     162
     139
     142
     157
     146
     151
     159
     161
     146
     150
     153
     135
     130
     124
     126
     137
     138
     138
     126
     129
     134
     127
     131
     145
     138
     124
     132
     129
     134
     129
     104
     124
     118
     111
     117
     103
     117
     117
     107
      93
     119
     103
     112
      98
     113
     102
     122
     116
      96
      93
     115
     118
     101
      96
      99
      89
     103
      90
      93
      75
      85
      69
      86
      83
      85
      78
      69
      78
      88
      87
      83
      88
      83
      77
      73
      70
      79
      57
      76
      79
      74
      77
      61
      77
      80
      78
      58
      70
      78
      71
      71
      80
      71
      69
      73
      64
      63
      76
      66
      61
      61
      83
      68
      78
      67
      57
      66
      67
      68
      64
      52
      56
      78
      62
      72
      59
      57
      68
      66
      66
      61
      68
      64
      54
      59
      57
      60
      64
      59
      72
      52
      61
      56
      59
      68
      67
      49
      63
      74
      61
      62
      49
      83
      66
      71
      74
      62
      60
      63
      64
      61
      83
      58
      63
      50
      66
      63
      53
      72
      55
      59
      45
      47
      55
      66
      52
      50
      53
      47
      60
      66
      62
      53
      48
      54
      45
      57
      50
      50
      56
      60
      61
      57
      46
      45
      49
      38
      56
      56
      48
      61
      39
      55
      55
      51
      53
      52
      58
      56
      42
      50
      59
      45
      43
      57
      58
      52
      42
      49
      50
      42
      40
      48
      37
      42
      41
      50
      51
      34
      38
      45
      38
      33
      44
      35
      53
      50
      28
      36
      47
      40
      24
      40
      39
      35
      43
      38
      38
      38
      28
      32
      40
      24
      34
      36
      40
      22
      38
      41
      36
      35
      33
      36
      31
      38
      32
      38
      25
      31
      41
      32
      41
      34
      30
      35
      36
      36
      33
      36
      32
      36
      24
      32
      42
      32
      21
      31
      31
      40
      36
      37
      29
      30
      27
      30
      32
      34
      26
      37
      37
      38
      25
      37
      28
      32
      25
      30
      31
      34
      26
      28
      37
      20
      37
      39
      33
      26
      38
      35
      35
      27
      40
      33
      36
      38
      43
      44
      56
      57
      54
      48
      57
      63
      86
      68
      69
      74
      90
      84
      77
      82
     106
      98
     104
     104
     116
     114
      83
     106
     128
     110
     107
     107
      96
     117
     101
     104
     108
      94
      96
      73
      74
      81
      88
      64
      70
      62
      51
      50
      40
      37
      35
      45
      38
      45
      44
      35
      37
      27
      31
      31
      29
      39
      24
      16
      21
      21
      23
      20
      24
      31
      19
      22
      28
      24
      32
      27
      21
      26
      19
      25
      23
      27
      26
      29
      28
      22
      24
      24
      30
      31
      25
      28
      18
      24
      35
      24
      22
      33
      35
      23
      23
      35
      19
      38
      28
      30
      30
      21
      41
      28
      33
      36
      42
      25
      28
      30
      47
      30
      47
      62
      57
      44
      41
      46
      42
      56
      42
      60
      52
      38
      50
      48
      43
      46
      42
      42
      46
      47
      44
      39
      42
      48
      36
      53
      32
      36
      32
      29
      24
      31
      19
      33
      31
      21
      39
      19
      32
      21
      21
      23
      27
      30
      27
      25
      26
      27
      28
      20
      18
      28
      25
      23
      28
      23
      12
      26
      25
      20
      18
      24
      22
      26
      24
      21
      26
      26
      23
      28
      16
      31
      23
      27
      23
      22
      23
      19
      21
      18
      15
      17
      22
       7
      16
      23
       8
      16
      18
      13
      21
       9
      12
      18
      15
      12
      19
      18
      12
      18
      13
      21
      15
      19
      19
      17
      10
      11
      12
      10
      19
      12
       8
      12
      11
      14
      14
       9
      14
      11
      13
      12
      18
       8
       9
      12
      10
      10
      16
      17
      11
      13
      13
       9
      16
      21
      12
      11
       8
      14
      17
      11
      13
      10
       8
      10
      10
      13
      14
      13
      11
      10
       8
      12
      13
      11
       7
      10
       7
       6
      11
      11
      12
      13
       7
      10
       7
       6
      11
       8
      13
       8
      11
      13
       7
      10
      13
      15
      14
      16
      11
      20
      19
      13
      26
      17
      28
      26
      23
      28
      27
      32
      35
      34
      31
      45
      33
      37
      61
      46
      47
      43
      54
      60
      56
      59
      71
      73
      41
      73
      71
      73
      67
      59
      67
      54
      56
      74
      68
      66
      67
      57
      62
      56
      51
      56
      46
      61
      58
      53
      58
      46
      48
      46
      37
      34
      38
      23
      29
      33
      32
      27
      29
      18
      25
      14
      19
      23
      17
      22
      21
      20
      28
      28
      23
      19
      15
      16
      15
      24
      24
      23
      19
      23
      26
      18
      21
      22
      15
      18
      24
      18
      18
      23
      17
       8
      16
      19
      12
      21
      20
      17
      26
      18
      21
       7
       7
      10
       8
       5
       5
      10
      11
      12
       8
       8
       9
       7
       7
       6
       7
       4
       8
      10
       4
       5
       9
       4
       7
       7
       9
       5
      13
       5
       9
       6
       5
       6
       6
       4
       4
       6
       5
       5
       7
       3
       6
       3
       3
      10
      10
       7
       4
       5
       1
       7
       5
       1
       5
       3
       6
       3
       8
       5
      10
       6
       4
       5
       7
       3
       0
       6
       5
       3
       6
       4
       4
       5
       5
       6
       9
       6
       7
       4
       5
       5
      11
       4
       6
       3
       6
       7
       4
       5
       4
       4
       3
       5
       6
       7
      14
       9
       7
       4
       4
      12
       2
       4
       3
       5
       5
       7
       4
       9
       5
       4
       3
       8
       1
       9
       9
       3
       7
       3
      11
       8
       5
       9
       8
      10
       4
       4
       9
       8
       7
       4
       4
       9
      12
      10
      11
       8
      12
      12
       6
       4
       6
      16
       6
       3
       7
       3
      14
       7
       3
       7
       6
       8
       7
      12
       4
      10
       8
       5
       5
       5
       9
      10
       2
       7
      11
       8
       5
      11
       3
       5
       1
       7
       4
       8
       4
       5
       4
       8
       8
       6
       9
       5
       7
       6
       9
       8
       1
       3
       5
       3
       8
       4
       5
      10
       8
       9
       9
       5
       6
       4
       8
       8
       1
       6
       8
       5
      10
       3
       5
       4
       3
       9
       2
       2
       6
       4
       5
       9
       5
       4
       3
       7
       8
       8
       5
       9
       8
       4
       3
       4
       5
       7
       5
       3
       7
       5
       8
       3
       4
       4
       4
      10
       4
       3
       8
       3
       5
       4
       4
       4
       6
       4
       4
       3
       4
       2
       8
       6
       5
       7
       9
       8
       4
       4
       0
       5
       9
       7
       3
       6
       4
       4
       6
       8
       4
       4
       5
       6
      12
       4
       4
       3
       7
       6
       7
       5
       5
       7
       9
       9
       3
       7
       4
      12
       8
       7
       4
       6
       6
       2
       8
      10
       8
       8
       4
       6
       5
      11
       4
       5
       2
       6
       5
       8
       5
      13
       9
       3
       3
       2
       4
       5
       4
       6
       6
       3
       5
       9
       3
       5
       3
       3
       5
       8
       2
       6
       4
       4
       5
       4
       2
       7
       5
       6
       3
       8
       7
       4
       2
       6
       7
       5
       6
      10
       3
      10
      10
       4
       6
       9
       4
       8
       4
       4
       6
       6
       3
       6
       9
       6
       6
       6
       7
       3
       5
       4
       3
       8
       3
       5
       6
       3
       6
       4
       5
       4
       8
       8
       7
       3
       5
       9
       3
       4
       7
       3
       6
       6
       6
       4
       7
       7
       8
       1
       1
       7
       9
       6
       8
       8
       8
      12
      11
       8
       9
       4
      13
       8
      10
      11
      11
       9
      12
      19
      14
      10
      10
      10
       6
      12
      11
      12
       8
      14
      10
      12
       7
      14
      13
       8
      14
      11
      16
      11
       6
      13
      11
      16
      12
      15
      16
      12
      13
      12
      16
      16
      12
      10
      16
       8
       8
      14
       7
      10
      14
      10
      10
      15
      18
      18
      12
       9
      12
      10
      10
      15
       9
       8
       6
       9
       8
      11
      11
       8
       8
       8
      10
       8
       6
       7
      13
       5
      13
       9
       9
      15
       7
       9
       7
       8
      10
      11
       9
      10
      13
       9
      12
      14
       7
       9
       7
       8
       9
       7
       9
       4
       7
       8
       5
      10
       6
       7
       7
      12
       7
       8
      10
       7
       8
       7
       7
       8
       2
       4
       6
       9
      15
       8
       4
       9
       8
      11
       7
       8
       5
       5
       4
       5
       5
       5
       7
       9
       8
       7
      10
       7
      12
      10
       4
       6
       7
      13
       7
       6
      11
       7
       2
       6
       3
       7
      10
       7
      10
       7
       5
       4
       7
      12
       4
       7
       8
       9
       9
       9
       6
       3
       7
       6
      10
       6
       5
       7
       6
       7
       1
       5
       2
       4
       3
       4
       3
       6
       3
       4
       9
       7
       8
       9
       5
       4
       9
       3
       5
       0
       7
       0
       2
       1
       5
       3
       6
       2
       2
       2
       5
       2
       5
       3
       5
       4
       6
       1
       4
       3
       1
       0
       0
       5
       4
       6
       2
       4
       2
       2
       5
       4
       6
       6
       4
       3
       3
       2
       5
       2
       6
       4
       3
       4
       3
       2
       3
       5
       4
       6
       7
       4
       3
       3
       3
       2
       5
       2
       6
       2
       0
       1
       4
       2
       3
       0
       2
       5
       3
       6
       2
       7
       2
       3
       3
       4
       6
       4
       5
      10
       6
       2
       2
       3
       9
      10
       8
       1
       8
       8
      13
       5
       9
       2
      12
       6
      13
       9
      11
      14
      16
       9
      13
      19
      15
      13
      21
      14
      12
      21
      24
      22
      15
      20
      18
      25
      23
      29
      32
      15
      25
      20
      19
      26
      29
      18
      17
      15
      21
      26
      21
      22
      25
      32
      20
      27
      18
      23
      25
      20
      18
      24
      17
      12
      21
      19
      15
      15
      14
       9
      13
      11
      12
      16
      11
      13
      10
      11
       6
       5
       8
       6
      20
       8
       5
       5
       4
       8
      10
       5
       7
       5
       7
       3
       7
       5
       2
       4
       4
       7
       3
       1
       3
       6
       1
       4
       1
       1
       3
       0
       1
       2
       1
       0
       2
       3
       1
       1
       1
       0
       0
       2
       2
       0
       1
       1
       0
       0
       2
       1
       0
       0
       1
       0
       0
       0
       1
       1
       0
       1
       0
       1
       1
       0
       0
       3
       2
       0
       2
       0
       0
       0
       1
       1
       1
       0
       0
       0
       0
       0
       0
       0
       0
       0
       1
       0
       0
       0
       1
       0
       0
       0
       0
       1
       0
       2
       0
       3
       3
       1
       1
       1
       1
       2
       0
       0
       0
       0
       0
       0
       0
       1
       0
       0
       3
       0
       0
       0
       1
       1
       0
       2
       2
       1
       0
       2
       0
       1
       1
       1
       1
       0
       0
       1
       1
       1
       1
       1
       0
       1
       0
       1
       1
       2
       2
       0
       1
       1
       0
       3
       1
       1
       0
       0
       0
       1
       0
       1
       0
       0
       1
       0
       0
       1
       1
       0
       0
       2
       1
       1
       1
       3
       0
       0
       2
       1
       0
       0
       1
       0
       1
       1
       1
       3
       2
       0
       0
       0
       0
       0
       0
       0
       0
       1
       2
       1
       0
       0
       0
       0
       0
       0
       0
       1
       1
       0
       0
       2
       1
       1
       1
       1
       0
       0
       0
       1
       0
       1
       0
       0
       1
       0
       1
       0
       1
       0
       1
       1
       1
       1
       0
       0
       0
       0
       0
       0
       0
       1
       0
       1
       2
       0
       1
       0
       0
       2
       0
       0
       1
       0
       1
       0
       0
       0
       0
       1
       1
       0
       0
       0
       0
       2
       0
       0
       0
       0
       2
       2
       1
       0
       0
       1
       2
       0
       0
       1
       0
       1
       0
       0
       1
       0
       0
       0
       0
       0
       0
       0
       0
       0
       0
       0
       0
       0
       0
       0
       0
       0
       0
       0
       0
       0
       0
       0
       0
       0
       0
       0
       0
       0
       0
       0
       0
       0
       0
       0
       0
       0
       0
       0
       0
       0
       0
       0
       0
       0
       0
       0
       0
       0
       0
       0
       0
       0
       0
       0
       0
       0
       0
       0
       0
       0
       0
       0
       0
       0
       0
       0
       0
       0
       0
       0
       0
       0
       0
       0
       0
       0
       0
       0
       0
       0
       0
       0
       0
       0
       0
       0
       0
       0
       0
       0
       0
       0
       0
       0
       0
       0
       0
       0
       0
       0
       0
       0
       0
       0
       0
       0
       0
       0
       0
       0
       0
       0
$ROI:
5
471 536
564 647
763 844
1001 1090
1573 1669
$PRESETS:
Real Time
120
0
$ENER_FIT:
-20.212013 1.714672
$MCA_CAL:
3
-2.021201E+001 1.714672E+000 4.288640E-006 keV
$SHAPE_CAL:
3
1.158210E+001 3.853783E-002 -7.560620E-006
