$SPEC_ID:
This is spectrum 009
$SPEC_REM:
DET# 1
DETDESC# CK155-04 Easy-MCA-2k SN 12292282
AP# Maestro Version 7.01
$DATE_MEA:
02/17/2022 11:21:12
$MEAS_TIM:
119 120
$DATA:
0 2047
       0
       0
       0
       0
       0
       0
       0
       0
       0
       0
       0
       1
       0
       1
      63
      79
      83
      81
      75
      77
      78
      84
     100
      93
      95
      82
      82
     101
      90
     114
      95
      99
     122
     110
     134
     122
     136
     158
     143
     157
     174
     179
     213
     191
     171
     214
     262
     232
     266
     246
     287
     277
     260
     294
     296
     308
     307
     335
     283
     356
     332
     335
     335
     316
     295
     371
     339
     356
     335
     360
     338
     372
     348
     350
     378
     363
     363
     314
     343
     334
     328
     343
     312
     332
     321
     335
     324
     313
     296
     295
     308
     305
     295
     339
     304
     307
     304
     293
     289
     290
     279
     256
     281
     275
     271
     238
     228
     254
     259
     262
     272
     259
     272
     244
     233
     274
     240
     245
     223
     227
     239
     252
     207
     217
     228
     204
     203
     213
     232
     214
     209
     215
     220
     200
     191
     217
     229
     234
     205
     219
     224
     215
     190
     209
     180
     192
     193
     227
     188
     173
     182
     201
     184
     201
     182
     183
     177
     177
     163
     178
     149
     174
     134
     162
     134
     140
     144
     147
     147
     164
     122
     129
     135
     143
     130
     151
     127
     122
     113
     134
     117
     131
     105
     124
     109
     144
     137
     104
     110
     105
     116
     122
     100
      94
     101
      96
     123
     111
     108
     112
     101
      89
      74
      76
     105
      77
      97
      83
      98
      98
     102
      94
     101
      88
      84
      76
     103
      90
      89
      82
      92
      89
      90
      80
      84
      86
      83
      83
      81
      89
      71
      65
      69
      77
      75
      72
      67
      73
      71
      72
      69
      47
      64
      65
      66
      72
      73
      70
      59
      57
      60
      69
      68
      73
      82
      57
      62
      50
      65
      68
      66
      55
      56
      57
      54
      53
      70
      64
      58
      50
      56
      65
      52
      51
      67
      60
      58
      53
      50
      53
      68
      42
      53
      60
      58
      56
      48
      64
      45
      46
      58
      61
      55
      53
      59
      50
      68
      58
      49
      54
      47
      48
      53
      63
      64
      54
      66
      78
      50
      62
      57
      67
      54
      42
      69
      61
      52
      60
      54
      54
      54
      55
      48
      52
      59
      53
      47
      46
      41
      57
      41
      41
      39
      47
      48
      66
      50
      49
      49
      50
      40
      48
      56
      51
      51
      54
      37
      54
      46
      54
      59
      51
      53
      67
      41
      50
      42
      47
      42
      48
      44
      53
      46
      35
      44
      43
      38
      52
      54
      39
      48
      34
      59
      39
      46
      34
      39
      31
      43
      40
      34
      48
      36
      38
      36
      30
      41
      32
      36
      31
      31
      29
      36
      34
      26
      25
      35
      27
      36
      34
      32
      26
      28
      41
      37
      24
      23
      29
      27
      32
      22
      20
      24
      17
      27
      37
      28
      32
      32
      30
      25
      27
      22
      37
      30
      31
      34
      20
      20
      22
      32
      31
      24
      34
      30
      35
      32
      36
      29
      24
      34
      40
      32
      29
      27
      24
      29
      28
      50
      36
      26
      32
      30
      27
      33
      24
      33
      22
      22
      26
      23
      22
      30
      24
      32
      27
      30
      24
      24
      43
      32
      34
      34
      25
      20
      34
      33
      41
      29
      34
      48
      44
      32
      50
      33
      41
      33
      38
      54
      49
      62
      64
      55
      64
      71
      79
      67
      57
      73
      68
      75
      83
      89
      72
      66
      69
      58
      65
      72
      69
      61
      65
      55
      59
      66
      53
      52
      54
      33
      53
      40
      53
      52
      40
      35
      37
      36
      33
      40
      29
      34
      26
      28
      38
      20
      19
      26
      18
      24
      24
      26
      23
      22
      17
      24
      29
      32
      19
      33
      27
      34
      29
      21
      25
      20
      31
      16
      25
      20
      20
      29
      21
      19
      18
      25
      34
      21
      23
      22
      20
      17
      13
      16
      29
      33
      25
      20
      16
      30
      20
      29
      29
      25
      34
      33
      31
      19
      33
      21
      25
      28
      32
      39
      29
      40
      46
      33
      31
      38
      30
      35
      37
      29
      27
      39
      54
      34
      34
      36
      30
      41
      29
      35
      34
      32
      39
      24
      39
      25
      31
      33
      27
      42
      25
      32
      29
      30
      26
      28
      25
      14
      22
      26
      17
      25
      18
      21
      22
      18
      31
      18
      23
      26
      17
      21
      22
      24
      22
      29
      27
      34
      23
      20
      24
      20
      28
      27
      18
      26
      21
      18
      22
      17
      16
      17
      28
      16
      22
      20
      21
      11
      19
      21
      15
      12
      12
      20
      17
      14
      13
      22
      16
      14
      18
      21
      16
      14
      16
      15
      13
      17
      11
      14
      18
      11
      16
      16
      18
      15
      11
      10
      14
      16
      12
       9
      14
      15
       9
      19
      13
      17
      13
      12
      11
       8
      16
      11
      14
       8
      14
       9
       8
      18
      13
       5
       5
       6
       6
      10
       8
       9
      10
      10
       8
      12
      14
      11
       5
       9
      10
      10
       9
      16
      11
      16
       6
      10
      11
       4
       8
      11
       4
       5
      11
       6
      11
       3
       4
      12
       6
      11
       6
       4
       9
      13
       6
       9
      13
      13
      12
      17
       9
      18
       9
      15
      16
      13
      20
      16
      18
      21
      21
      22
      28
      29
      26
      30
      35
      21
      35
      43
      50
      54
      49
      38
      50
      59
      59
      63
      62
      51
      72
      58
      65
      56
      74
      71
      57
      67
      73
      58
      69
      67
      67
      73
      65
      62
      57
      61
      57
      60
      56
      66
      60
      51
      53
      47
      31
      35
      42
      30
      31
      40
      21
      25
      30
      13
      25
      25
      18
      18
      23
      19
      25
      19
      18
      22
      18
      15
      16
      17
      20
      16
      25
      25
      18
      21
      23
      19
      17
      28
      24
      17
      22
      18
      20
      28
      25
      17
      18
      17
      17
      18
      26
      24
      21
      20
      16
      16
      10
       6
      18
      15
      19
      10
      13
      13
       5
      11
      12
       6
       9
       6
      11
      10
       9
      12
       7
       9
       5
       4
       8
       9
       6
       4
       1
       5
       6
       5
       7
       9
       5
       8
       4
       6
       2
       6
       4
       5
       5
       6
       6
       3
       5
       3
       6
       1
       7
       4
       2
       6
       6
       0
       7
       4
       5
       7
       2
       5
       7
       5
       3
       4
       3
       5
      11
       5
       4
       5
       3
       7
       7
       1
       5
       4
       8
       9
       7
       6
       9
       3
       6
      10
       6
       5
       7
       3
       6
       2
       6
       7
       7
       5
       3
       4
       8
       5
       5
       4
       7
       3
       3
       5
       6
       6
       3
      11
       4
       3
       7
       3
      12
       7
       9
       6
       7
       9
       6
       9
       5
       6
       7
       7
       6
      13
       8
       5
      11
       6
      10
      11
       6
       3
       8
       6
      10
       7
       3
       9
      10
       7
       9
       6
       7
      10
      10
      10
       5
      10
      10
       5
      11
       8
       8
       9
      14
       9
       6
       7
      12
       6
       8
      10
       9
       6
       3
       7
       7
       7
      12
       5
      12
      13
       4
       9
       6
       5
       8
       8
       5
       4
       7
       0
      11
       2
       9
       4
       4
       5
       4
       7
       7
       8
      11
       2
       9
       6
       8
       6
       2
       7
       2
       5
       6
       4
       8
      10
       4
       8
       6
       8
       6
       4
       6
       6
       5
       6
       4
       3
       5
       3
       5
       2
       4
       3
       4
       8
       9
       6
       3
       3
       4
      10
       7
       4
       4
       8
       6
       3
       6
       7
       3
       6
       5
       8
       7
       4
       6
       6
       6
       2
       4
       6
       8
       4
       5
       2
       5
       4
       5
       5
       5
       4
       5
       2
       6
       5
       4
       4
       7
       5
       4
       2
       3
      10
       6
       8
      10
       3
       7
       4
       7
      11
       7
       4
       5
       2
       6
       1
       3
       1
       7
       6
       8
       7
       4
       5
       5
       3
       4
       7
       3
       6
       6
       9
       3
       3
       6
       8
       3
       4
       6
       5
       4
       4
      12
       7
       3
       7
       6
       9
       6
       4
       6
       5
       4
       3
      10
      10
       2
       5
       5
       8
       8
       5
       9
       4
       9
       6
       5
       4
       4
       5
       4
       6
       6
       2
       5
      10
       5
       5
       5
       5
       4
       6
       4
       7
       7
       9
       7
       5
       3
       5
       5
       5
       5
       6
      10
       4
       6
       8
       6
       4
       9
       6
       3
      13
       3
       8
       4
       6
       1
       4
       7
      10
       4
       9
       9
       9
       7
       5
       4
       4
       6
       3
       4
       4
       5
       3
       9
       5
       8
       9
      10
       5
       7
       6
       6
       9
       8
       3
       9
      12
       6
       3
       8
       9
       9
       6
       9
       4
       9
       5
       5
      14
       9
      12
       9
       9
      17
       5
      12
      12
      13
      11
      13
      18
      13
      14
       8
      11
      12
      12
       9
      17
      11
      12
       9
      14
       9
      21
      18
      15
      16
      10
      13
      12
      22
       7
      19
       9
       6
       9
      12
       6
      14
      12
       9
      14
      10
       9
       7
      13
      10
       9
      11
       8
       7
      11
      11
       5
       6
       5
       9
      11
       7
      10
       8
       6
       7
      11
      10
       8
       8
      11
      10
       8
       6
       5
       8
       8
      10
       5
       6
       8
      13
      10
       4
       9
       8
       7
       6
      10
      11
       5
       5
       9
       6
       5
       5
       9
       7
       5
       8
       8
       3
       4
       6
       8
      12
      12
       7
       9
       2
       4
       6
       9
       8
       7
      13
      16
       9
       7
      10
       4
       5
       5
       6
      14
       3
       7
       7
      11
      12
       9
       5
       7
       6
       6
       8
       5
       8
       7
       6
       8
       5
       9
      11
       3
       5
       7
       7
       7
       5
       5
      10
       7
       7
      12
       7
       4
       3
       4
       2
       3
       5
       5
       8
       6
       9
       8
       5
       6
       5
       4
       3
       5
       6
       4
       3
       4
       4
       3
       1
       4
       7
       5
       7
       4
       4
       6
       3
       5
       4
       5
       9
       2
       3
       1
       1
       3
       3
       3
       5
       3
       9
       2
       7
       8
       2
       1
       2
       1
       3
       3
       5
       4
       5
       5
       3
       5
       2
       4
       4
       7
       3
       3
       4
       3
       4
       4
       4
       2
       2
       2
       4
       3
       3
       5
       6
       1
       2
       3
      10
       3
       3
       6
       6
       6
       7
       2
       2
       4
       0
       3
       4
       0
       4
       5
       6
       5
       7
       1
       5
       6
       5
       5
       6
       7
       0
       4
       4
       3
       2
       9
       7
      11
       5
       7
       8
       6
       3
       9
       9
      15
      10
      13
      13
       6
      12
       9
       9
      11
      13
      17
      11
      17
      13
      21
      25
      11
      23
      16
      17
      15
      22
      20
      18
      17
      17
      21
      29
      19
      14
      20
      16
      20
      17
      21
      16
      20
      28
      21
      20
      21
      20
      18
      22
      20
      21
      20
      14
      22
      16
      21
      25
      11
      19
      17
      19
      17
      11
      15
      14
      17
      15
      10
      16
      14
      14
      15
      13
      17
      10
      10
       8
       7
       8
       7
      11
       9
       7
       6
       8
       4
       3
       5
       4
       2
       2
       3
       1
       3
       2
       2
       4
       2
       1
       1
       1
       3
       3
       1
       0
       1
       1
       1
       2
       1
       4
       1
       0
       2
       0
       0
       1
       1
       3
       1
       0
       0
       0
       1
       1
       0
       0
       1
       1
       3
       2
       0
       1
       1
       2
       0
       2
       1
       1
       0
       1
       2
       1
       0
       3
       0
       0
       1
       2
       1
       2
       1
       1
       0
       0
       0
       0
       1
       0
       1
       0
       1
       0
       1
       0
       0
       0
       2
       2
       2
       1
       0
       4
       2
       1
       1
       0
       0
       1
       0
       2
       0
       1
       0
       0
       1
       0
       0
       0
       0
       0
       0
       0
       2
       2
       1
       0
       1
       0
       0
       0
       0
       1
       0
       2
       0
       1
       0
       1
       0
       0
       0
       1
       1
       0
       0
       0
       0
       0
       1
       0
       0
       3
       0
       2
       1
       0
       0
       0
       0
       0
       0
       0
       1
       0
       0
       2
       0
       0
       1
       0
       0
       1
       0
       0
       0
       0
       1
       1
       0
       0
       1
       0
       1
       0
       0
       1
       0
       3
       0
       1
       0
       0
       0
       0
       1
       1
       0
       2
       0
       0
       1
       1
       1
       0
       1
       0
       3
       0
       0
       0
       0
       0
       0
       0
       0
       0
       0
       0
       1
       0
       1
       0
       1
       2
       1
       1
       0
       1
       1
       1
       1
       0
       1
       1
       0
       1
       0
       1
       1
       2
       0
       0
       0
       0
       0
       0
       1
       2
       0
       0
       0
       0
       0
       1
       2
       0
       1
       0
       0
       0
       0
       0
       0
       1
       0
       2
       0
       0
       0
       1
       0
       1
       0
       0
       0
       0
       0
       0
       0
       0
       0
       0
       2
       2
       0
       0
       0
       0
       0
       0
       0
       0
       0
       0
       0
       0
       0
       0
       0
       0
       0
       0
       0
       0
       0
       0
       0
       0
       0
       0
       0
       0
       0
       0
       0
       0
       0
       0
       0
       0
       0
       0
       0
       0
       0
       0
       0
       0
       0
       0
       0
       0
       0
       0
       0
       0
       0
       0
       0
       0
       0
       0
       0
       0
       0
       0
       0
       0
       0
       0
       0
       0
       0
       0
       0
       0
       0
       0
       0
       0
       0
       0
       0
       0
       0
       0
       0
       0
       0
       0
       0
       0
       0
       0
       0
       0
       0
       0
       0
       0
       0
       0
       0
       0
       0
       0
       0
       0
       0
       0
       0
       0
       0
       0
       0
       0
       0
       0
$ROI:
5
471 536
564 647
763 844
1001 1090
1573 1669
$PRESETS:
Real Time
120
0
$ENER_FIT:
-20.212013 1.714672
$MCA_CAL:
3
-2.021201E+001 1.714672E+000 4.288640E-006 keV
$SHAPE_CAL:
3
1.158210E+001 3.853783E-002 -7.560620E-006
