$SPEC_ID:
This is spectrum 012
$SPEC_REM:
DET# 1
DETDESC# CK155-04 Easy-MCA-2k SN 12292282
AP# Maestro Version 7.01
$DATE_MEA:
02/17/2022 11:27:15
$MEAS_TIM:
119 120
$DATA:
0 2047
       0
       0
       0
       0
       0
       0
       0
       0
       0
       0
       0
       0
       0
       0
      71
      71
      71
      74
      90
      79
      74
      82
      87
      88
     102
      85
      99
     109
     107
     103
      86
      89
      93
     125
     121
     124
     103
     150
     166
     134
     180
     174
     163
     187
     202
     201
     223
     243
     260
     272
     286
     265
     247
     290
     286
     300
     284
     319
     296
     287
     316
     314
     318
     327
     325
     339
     311
     363
     337
     308
     361
     355
     337
     321
     345
     345
     295
     326
     336
     337
     325
     321
     313
     302
     330
     323
     332
     284
     318
     331
     321
     304
     306
     311
     283
     254
     292
     281
     294
     266
     281
     263
     269
     280
     281
     268
     247
     269
     255
     251
     270
     247
     241
     248
     247
     225
     229
     248
     252
     231
     211
     251
     218
     226
     218
     210
     224
     216
     176
     214
     214
     224
     217
     209
     232
     172
     196
     191
     213
     194
     220
     184
     188
     190
     182
     177
     219
     176
     174
     179
     195
     178
     170
     180
     169
     179
     183
     170
     169
     166
     137
     138
     130
     154
     141
     125
     140
     135
     125
     147
     135
     109
     130
     131
     135
     120
     121
      99
     138
     144
     130
     124
     128
     121
     113
     103
     112
     116
     125
     109
     105
      90
     101
      95
      80
      95
      98
      94
      90
      90
     114
      91
      99
      98
      94
      92
     100
     107
     104
      92
      85
      87
      91
      82
      85
      91
      65
      87
      89
      85
      91
      77
      88
      69
      97
      74
      73
      71
      82
      84
      69
      71
      70
      74
      69
      89
      71
      72
      56
      74
      67
      63
      55
      61
      65
      60
      61
      64
      56
      63
      69
      57
      46
      66
      66
      60
      60
      51
      66
      55
      48
      67
      70
      64
      60
      67
      58
      63
      51
      46
      59
      58
      60
      74
      62
      55
      67
      50
      57
      56
      55
      58
      45
      56
      47
      51
      56
      49
      55
      57
      45
      47
      46
      55
      39
      53
      51
      37
      58
      60
      56
      61
      56
      46
      53
      48
      53
      50
      50
      58
      57
      53
      51
      66
      53
      41
      48
      56
      47
      56
      41
      51
      47
      56
      38
      48
      49
      45
      54
      30
      45
      51
      52
      38
      40
      57
      35
      42
      42
      42
      38
      46
      49
      32
      58
      41
      50
      36
      57
      41
      45
      51
      45
      50
      41
      49
      34
      44
      38
      35
      49
      44
      37
      55
      38
      38
      38
      41
      36
      37
      38
      29
      45
      49
      39
      37
      38
      32
      38
      36
      38
      42
      37
      36
      42
      28
      32
      46
      36
      29
      27
      25
      28
      27
      32
      36
      30
      41
      40
      42
      28
      31
      30
      39
      29
      30
      34
      28
      27
      35
      26
      26
      35
      25
      26
      33
      28
      25
      31
      28
      30
      24
      28
      20
      25
      25
      22
      30
      22
      23
      33
      22
      27
      22
      32
      37
      18
      23
      28
      27
      26
      37
      24
      31
      28
      26
      40
      33
      24
      23
      36
      23
      30
      27
      31
      31
      29
      22
      23
      39
      30
      23
      33
      29
      29
      20
      29
      31
      25
      18
      25
      21
      32
      27
      31
      29
      30
      28
      28
      38
      35
      31
      27
      35
      32
      38
      31
      29
      38
      47
      43
      44
      36
      48
      44
      55
      51
      60
      48
      59
      61
      54
      40
      53
      57
      53
      64
      50
      48
      41
      55
      46
      58
      48
      49
      35
      54
      43
      50
      42
      37
      35
      38
      35
      35
      25
      30
      31
      34
      34
      22
      29
      25
      35
      30
      27
      22
      21
      29
      27
      25
      28
      27
      25
      34
      28
      25
      25
      26
      33
      24
      29
      27
      28
      25
      19
      19
      29
      25
      29
      26
      25
      24
      19
      22
      28
      17
      20
      19
      27
      30
      18
      24
      30
      17
      25
      24
      26
      32
      25
      23
      35
      21
      19
      20
      20
      24
      32
      33
      25
      32
      21
      26
      28
      36
      39
      30
      41
      27
      27
      37
      25
      31
      47
      31
      26
      30
      39
      32
      37
      35
      33
      28
      23
      26
      26
      27
      26
      22
      29
      25
      19
      29
      17
      29
      28
      23
      25
      28
      22
      35
      22
      13
      16
      22
      26
      27
      15
      24
      22
      13
      27
      33
      25
      16
      20
      21
      27
      26
      18
      33
      20
      22
      27
      12
      14
      17
      18
      22
      14
      23
      18
      21
      25
      19
      11
      17
      28
      25
      21
      19
      19
      16
      18
      13
      21
      23
      13
      22
      19
      28
      16
      16
      15
      17
      15
      21
      17
      18
      15
      13
      12
      19
      15
       6
      12
      20
      15
      16
      12
      17
      15
      14
       9
      14
      15
      15
      14
      16
      12
      13
       9
      15
      14
      16
      11
      16
       9
      12
       9
      10
       7
      12
       5
      14
      11
       7
      13
      12
       8
      11
       6
      15
      13
       8
      13
       8
       9
       6
      13
      11
       9
      13
      10
      12
       8
       8
      11
       9
      13
       7
      13
       6
      12
       8
       5
       9
       6
      13
      11
      10
       8
       9
      11
      16
       8
       7
       9
      17
      14
      21
      19
      13
      13
      15
      11
      20
      18
      20
      13
      14
      23
      24
      26
      33
      37
      27
      24
      39
      33
      39
      41
      37
      56
      56
      47
      45
      51
      54
      59
      58
      58
      62
      64
      67
      65
      61
      61
      60
      60
      71
      61
      75
      65
      55
      70
      69
      75
      62
      56
      51
      44
      53
      43
      44
      59
      51
      50
      35
      40
      32
      52
      32
      27
      41
      19
      14
      29
      17
      24
      25
      28
      22
      19
      23
      15
      16
      16
      26
      14
      20
      21
      17
      19
      20
      21
      26
      25
      19
      16
      19
      23
      16
      22
      23
      28
      15
      22
      19
      12
      21
      20
      16
      21
      18
       7
      20
      17
      12
      13
       9
       8
      17
       9
      14
      10
       6
      12
      15
       8
      12
       9
       9
       7
       8
       5
       8
       5
       6
       5
      11
       1
       5
       2
       6
       8
       8
       5
       7
       5
      10
       3
       7
       6
      10
       7
       8
       3
       9
       5
       5
      10
       7
       8
       8
       3
       3
       4
       5
       5
       2
       5
       7
       5
       8
       5
       6
       2
       9
       1
       9
       1
       8
       6
       4
       7
       6
       5
       3
       5
       6
       2
       4
       7
       7
       9
       4
       5
       5
       5
       5
       8
       8
       9
       2
       4
       5
       5
       7
       6
       7
       8
       9
       3
       3
       7
       7
       6
       6
       5
       5
       8
       7
       6
       5
       9
       6
      10
       4
       2
       5
       4
       7
       5
      10
       5
       3
      10
       7
       4
       6
       6
       9
      10
      16
      15
       5
       6
       4
      15
       9
       8
       6
      11
       9
       7
       7
       6
      10
       7
       6
      13
      11
       9
      13
      11
       9
       8
      14
       7
      11
       4
       9
      11
       5
       1
       3
       5
       7
       5
       5
      10
       9
       7
      10
       6
       6
       9
       9
       9
       3
       4
      11
       4
       9
       9
       2
       6
       3
       2
       6
      11
       8
       4
       9
       7
       9
       7
      10
       8
       7
       3
       5
       3
       1
      10
       5
       5
       3
       2
      12
       1
       9
       7
       8
       5
       8
       5
       5
       6
       7
       8
       7
       4
       1
       3
       5
       4
       4
       4
       1
       5
       6
       2
       5
       3
       1
       5
       5
       9
       3
      11
       7
       8
       7
       3
       2
       5
       4
       8
       8
       3
       4
       7
       6
       3
       4
       6
       6
       7
       7
       6
       6
       9
       6
       6
       6
       6
       4
       7
       5
       5
       3
       4
       6
       3
       9
       4
       3
       4
      10
       4
       8
       6
       4
       3
       3
       4
       7
       6
       5
       8
       4
       4
       5
       2
       5
       3
       7
       3
       6
       9
       6
       6
       8
       4
       3
       6
       5
       5
       4
       3
       4
       5
       8
       7
       5
       8
       6
      11
       3
       3
       5
       8
       7
       5
       5
       5
       9
       5
       3
       8
       5
       4
      12
       5
       5
       3
       4
       6
       4
       5
       9
       9
       6
       6
       6
       4
       4
       6
       4
       7
       4
       2
       1
       4
       2
       7
       3
       5
       4
       7
       4
       3
       8
       3
       4
       7
       5
       4
      11
       6
       2
       7
       8
       6
       5
       1
       1
       4
       4
       8
       6
       6
       2
       5
       4
       8
       6
       8
       3
       5
       3
       5
       9
       5
       5
       7
       7
      10
       5
       4
       4
       3
       8
       6
      11
       7
       3
       7
       7
       2
       7
       5
       5
      12
       4
       6
       7
       4
       5
       7
      13
       6
       8
      11
       4
      10
       4
      11
       6
      10
       8
       7
       6
       9
       8
      13
       6
      10
      12
      13
       9
      17
      17
       7
      15
      18
      13
      12
      14
      12
      13
      14
      16
      15
      14
       9
      18
      11
      14
      17
      16
      13
      12
      16
       6
      11
      16
       9
      12
      14
      11
       6
      12
       6
      14
       8
       6
      12
      10
      10
       8
       5
       5
      17
      11
       9
      12
      11
       7
      12
      10
      10
       4
       3
       5
      13
       5
       6
       9
       9
       6
       5
       8
       5
      16
      15
       8
       3
       8
       5
      14
       6
       7
      12
       8
       3
       9
      10
       2
       5
       6
      12
       8
       6
       8
      10
       7
      10
       8
      10
       6
       3
       8
       4
       9
       7
      12
       9
       9
      10
       9
       8
       6
       9
       9
       9
       7
       3
       4
       4
       5
       4
       7
       5
       7
       8
       8
       6
       7
       4
       8
       9
       5
      12
       6
       6
       3
       5
       8
       6
       2
       9
       5
       6
       7
       9
       3
       6
       8
       8
       6
      10
       7
       6
       8
       5
       6
       7
       6
       3
       4
       7
       5
       9
       5
      13
       6
       6
       6
       6
       2
       6
       4
       1
       3
       3
       6
       3
       2
       5
       6
       3
       6
       8
       4
       9
       1
       2
       6
       8
       4
       3
       3
       5
       4
       2
       5
       3
       3
       1
       2
       1
       4
       5
       4
       0
       1
       3
       4
       5
       7
       6
       3
       2
       5
       3
       3
       8
       1
       3
       2
       4
      10
       4
       2
       1
       5
       4
       2
       3
       5
       4
       0
       2
       3
       4
       3
       2
       6
       7
       4
       5
       4
       9
       3
       4
       2
       3
       4
       4
       3
       4
       3
       7
       1
       0
       6
       4
       5
       2
       1
       6
       4
       2
       4
       4
       2
       6
       9
       7
       3
       4
       7
       5
       4
       4
       4
      11
       6
       8
      10
      12
       8
       6
      12
      11
       9
      11
      16
       6
      12
      14
      19
      14
      12
      13
      10
      13
      23
      13
      26
      18
      17
      22
      18
      17
      21
      21
      24
      19
      15
      15
      26
      16
      27
      16
      29
      23
      29
      20
      28
      21
      26
      25
      14
      20
      26
      21
      27
      22
      19
      25
      19
      18
      17
      19
      20
      28
      18
      19
      15
      15
       8
      12
      16
      13
       7
       8
      12
       6
       7
      12
       6
       6
      10
       3
       8
      12
       9
       7
       6
       5
       4
       4
       9
       7
       2
       2
       6
       1
       2
       0
       3
       4
       1
       1
       1
       1
       1
       2
       0
       2
       1
       0
       4
       2
       0
       0
       3
       2
       1
       0
       1
       0
       2
       0
       2
       1
       0
       1
       2
       0
       1
       1
       0
       0
       0
       2
       0
       0
       0
       0
       0
       3
       1
       0
       0
       2
       0
       1
       1
       0
       0
       1
       2
       0
       1
       1
       1
       1
       1
       1
       1
       0
       1
       1
       0
       3
       0
       0
       1
       0
       0
       0
       0
       1
       0
       1
       1
       1
       0
       1
       0
       1
       1
       0
       1
       1
       0
       1
       0
       0
       1
       1
       1
       0
       1
       1
       1
       1
       2
       0
       0
       0
       0
       0
       1
       1
       0
       1
       2
       1
       0
       1
       0
       2
       0
       0
       2
       2
       1
       0
       1
       0
       1
       1
       0
       0
       0
       0
       0
       1
       0
       0
       0
       0
       0
       1
       1
       0
       1
       1
       0
       0
       1
       0
       0
       1
       0
       0
       0
       1
       1
       1
       2
       1
       1
       0
       0
       0
       0
       1
       0
       0
       0
       1
       1
       0
       0
       1
       1
       0
       0
       1
       0
       0
       0
       0
       0
       0
       1
       0
       0
       0
       1
       0
       0
       2
       0
       0
       1
       1
       0
       2
       0
       0
       2
       1
       0
       0
       1
       2
       1
       0
       0
       2
       0
       0
       0
       0
       1
       0
       0
       0
       0
       0
       1
       0
       0
       0
       1
       0
       1
       2
       1
       1
       1
       1
       0
       0
       1
       0
       0
       0
       1
       2
       0
       0
       1
       1
       1
       0
       1
       0
       0
       1
       2
       0
       0
       0
       0
       0
       0
       2
       0
       1
       1
       0
       0
       1
       2
       0
       0
       0
       0
       0
       0
       0
       0
       0
       0
       0
       0
       0
       0
       0
       0
       0
       0
       0
       0
       0
       0
       0
       0
       0
       0
       0
       0
       0
       0
       0
       0
       0
       0
       0
       0
       0
       0
       0
       0
       0
       0
       0
       0
       0
       0
       0
       0
       0
       0
       0
       0
       0
       0
       0
       0
       0
       0
       0
       0
       0
       0
       0
       0
       0
       0
       0
       0
       0
       0
       0
       0
       0
       0
       0
       0
       0
       0
       0
       0
       0
       0
       0
       0
       0
       0
       0
       0
       0
       0
       0
       0
       0
       0
       0
       0
       0
       0
       0
       0
       0
       0
       0
       0
       0
       0
       0
       0
       0
       0
       0
       0
       0
       0
       0
$ROI:
5
471 536
564 647
763 844
1001 1090
1573 1669
$PRESETS:
Real Time
120
0
$ENER_FIT:
-20.212013 1.714672
$MCA_CAL:
3
-2.021201E+001 1.714672E+000 4.288640E-006 keV
$SHAPE_CAL:
3
1.158210E+001 3.853783E-002 -7.560620E-006
