$SPEC_ID:
This is spectrum 003
$SPEC_REM:
DET# 1
DETDESC# CK155-04 Easy-MCA-2k SN 12292282
AP# Maestro Version 7.01
$DATE_MEA:
02/17/2022 11:09:06
$MEAS_TIM:
119 120
$DATA:
0 2047
       0
       0
       0
       0
       0
       0
       0
       0
       0
       1
       0
       0
       1
       1
      83
      85
     100
     103
      72
      86
      89
     102
     116
     110
     103
     114
     130
     127
     121
     106
     124
     126
     135
     140
     155
     131
     165
     178
     195
     195
     202
     198
     243
     244
     227
     256
     252
     236
     271
     291
     295
     299
     289
     293
     327
     342
     370
     350
     352
     329
     331
     370
     345
     324
     360
     394
     366
     374
     385
     359
     390
     374
     398
     373
     386
     377
     391
     376
     364
     379
     355
     396
     348
     378
     374
     351
     331
     364
     338
     322
     357
     347
     355
     303
     334
     299
     318
     337
     299
     315
     313
     337
     320
     311
     256
     307
     298
     306
     291
     291
     315
     299
     269
     271
     266
     292
     279
     251
     288
     250
     280
     277
     264
     250
     259
     246
     262
     225
     253
     240
     243
     263
     243
     245
     264
     226
     214
     227
     245
     223
     246
     236
     248
     226
     237
     236
     233
     214
     210
     238
     239
     211
     197
     196
     199
     205
     176
     167
     187
     195
     186
     172
     170
     173
     162
     147
     160
     170
     171
     149
     145
     160
     151
     158
     155
     137
     140
     144
     142
     149
     148
     157
     151
     138
     140
     156
     125
     117
     140
     146
     120
     125
     119
     141
     144
     108
     105
     110
     128
      90
     113
     110
     120
     121
     116
     121
     116
      91
     116
      93
     112
     107
     117
     121
     119
     113
     100
      95
     110
     108
     102
     104
      90
      87
      97
      96
      79
      88
     100
      98
      90
     115
      84
      93
     102
      88
      67
      86
     105
      83
      85
      79
      83
      82
      90
      96
      77
      82
      77
      69
      72
      90
      84
      86
      97
      75
      79
      78
      62
      83
      67
      69
      66
      84
      77
      81
      70
      73
      63
      67
      68
      69
      75
      67
      73
      74
      70
      87
      63
      71
      70
      62
      51
      66
      66
      85
      68
      76
      74
      72
      61
      61
      61
      52
      81
      71
      79
      62
      62
      81
      61
      59
      64
      57
      69
      67
      77
      69
      59
      73
      67
      66
      64
      65
      69
      90
      73
      57
      63
      81
      72
      73
      53
      73
      59
      73
      44
      52
      53
      70
      50
      50
      61
      48
      61
      54
      68
      60
      64
      62
      60
      63
      71
      51
      72
      63
      73
      44
      41
      48
      59
      55
      74
      54
      77
      56
      66
      60
      57
      40
      68
      66
      68
      49
      61
      64
      61
      49
      63
      67
      59
      69
      48
      49
      58
      43
      43
      57
      46
      45
      38
      49
      50
      48
      38
      54
      35
      40
      40
      29
      44
      45
      45
      38
      34
      50
      38
      44
      39
      48
      44
      37
      40
      38
      43
      43
      45
      45
      31
      42
      27
      41
      50
      29
      36
      42
      39
      39
      37
      34
      37
      34
      38
      43
      30
      33
      42
      31
      45
      30
      28
      48
      29
      33
      39
      39
      31
      32
      38
      35
      46
      32
      23
      39
      31
      30
      30
      30
      29
      50
      33
      40
      28
      31
      23
      38
      28
      33
      32
      35
      27
      28
      27
      45
      35
      40
      30
      27
      40
      40
      33
      41
      32
      30
      32
      48
      36
      42
      47
      48
      28
      66
      48
      64
      57
      59
      70
      77
     102
      99
      93
     127
      86
     111
     131
     132
     120
     115
     137
     149
     134
     157
     147
     127
     137
     136
     142
     142
     164
     145
     138
     129
     114
     137
     100
     105
     106
      90
      87
      90
      88
      72
      62
      62
      54
      59
      53
      49
      45
      50
      32
      46
      34
      31
      18
      31
      39
      23
      27
      22
      31
      20
      33
      31
      27
      20
      27
      29
      28
      31
      19
      23
      28
      28
      26
      28
      26
      27
      26
      15
      17
      15
      28
      36
      30
      22
      26
      34
      22
      30
      32
      31
      29
      19
      35
      33
      26
      37
      29
      32
      28
      33
      37
      36
      41
      36
      43
      34
      40
      45
      46
      48
      44
      44
      49
      50
      62
      57
      58
      69
      62
      46
      54
      52
      43
      47
      58
      46
      53
      60
      40
      47
      55
      52
      37
      32
      45
      39
      49
      53
      45
      44
      35
      41
      42
      33
      32
      29
      28
      25
      27
      34
      28
      29
      31
      29
      18
      23
      24
      22
      19
      23
      26
      28
      30
      28
      25
      28
      19
      14
      35
      16
      15
      26
      25
      18
      22
      21
      27
      19
      20
      19
      21
      19
      20
      25
      14
      18
      21
      24
      27
      12
      12
      22
      17
      22
      15
      12
      19
      15
      15
      23
      19
      11
      21
      12
      18
      18
      12
      13
      16
      13
      19
       8
      14
      19
      20
      20
      11
      11
      15
      13
      12
       8
      14
      13
      10
      13
      11
      16
      16
      10
      18
      13
      15
      13
       6
      16
       9
      13
      14
      12
      12
      15
      15
      19
      10
       5
      12
       8
       9
       3
      20
      15
       8
       8
       6
      13
      12
       8
      12
      11
      16
       7
       9
       6
       5
       9
       7
       7
       8
       9
       9
      10
      12
       6
      14
      11
      14
       7
      12
      10
       7
      12
      12
       9
      11
       4
      14
       8
      11
      19
      11
      14
      10
      11
      12
      19
      25
      21
      23
      21
      21
      27
      34
      35
      25
      36
      30
      38
      37
      56
      40
      33
      39
      56
      55
      59
      60
      64
      52
      70
      64
      66
      72
      75
      75
      70
      56
      64
      74
      71
      70
      72
      63
      66
      56
      69
      58
      56
      66
      54
      56
      66
      50
      46
      44
      45
      44
      40
      36
      42
      43
      36
      30
      28
      23
      27
      30
      31
      27
      18
      20
      21
      18
      21
      12
      21
      23
      23
      18
      18
      17
      26
      26
      18
      31
      18
      22
      25
      21
      25
      20
      24
      17
      25
      18
      20
      22
      18
      16
      17
      10
      17
      22
      14
       7
      15
      12
      16
      13
      13
      16
       9
       7
      10
       9
       7
       6
       6
      10
       6
      10
       7
       6
       6
       3
       5
       3
       7
       6
       3
       4
       6
       5
       1
       8
       5
       6
       6
       4
       5
       2
      10
       5
       6
       7
       5
       9
       4
       5
       9
       6
       5
       6
       9
      11
       4
       6
       4
       7
       3
       3
       7
       6
       3
       5
       8
       4
       6
      10
       6
       5
       3
       7
       2
       7
       4
       3
       3
       9
       2
       6
       6
       6
       3
       4
       7
       6
       4
       4
      10
       9
       6
       5
       4
       1
       4
       2
       3
       6
       8
       3
       6
      10
       5
       4
       5
      10
       4
       3
       8
       5
       5
       8
       5
       2
       7
      12
       9
       7
       6
       5
       6
       8
       9
       9
       5
       9
       5
       7
       6
       8
       9
       7
      13
      13
      10
       7
       9
       5
       8
      10
      11
      10
       3
       5
      11
       9
      12
      10
      12
      11
       4
       4
       6
      11
       9
       7
       8
       3
       6
       9
       8
       5
       5
       4
       6
       7
       7
       8
       2
       3
       8
       8
       9
      14
       3
       9
      13
       9
      10
       6
       8
       8
       5
       9
      10
       6
       6
       6
       5
       6
       6
      13
       3
       7
       5
       5
      12
       7
       9
      10
       5
       9
       2
       2
       6
       7
       5
      10
       6
       7
       9
       7
       4
       3
       4
       3
       3
      10
       3
       4
       3
       7
       4
       5
       5
       7
       4
      10
       5
       6
       5
       6
       5
       8
       3
      12
       4
       7
       8
       4
       3
       4
      11
       2
       3
      11
       6
       5
       5
       3
       4
       5
       8
       6
      13
       1
       7
       6
       9
       6
       2
       5
       6
       6
       8
       5
       9
       7
       6
       9
       7
       6
       7
       8
       3
       7
       6
      11
       6
       4
       2
       2
       7
       8
       4
       5
       6
       5
       7
       4
       5
       4
       4
       1
       5
      11
       6
       9
       8
       8
       5
       8
       3
       3
       8
       9
       7
       4
       6
       4
      10
       6
       8
       8
       5
       5
       6
       3
       3
       7
       3
       8
       8
       8
       8
       5
       8
       9
      14
       4
       5
       7
       7
       7
       1
       5
       3
       5
       6
       2
       4
       5
       5
       6
       5
       7
       6
       4
       9
       3
       5
       3
       5
       5
       5
       5
       5
       5
       5
       7
       7
       6
       5
       5
       5
       6
       1
       4
       6
       7
       6
       2
       8
       5
       6
      10
       2
       4
       7
       3
       2
       8
       5
       4
       7
       2
       5
       4
       4
       5
       7
       2
       3
       5
       7
       9
       6
       9
       4
       3
       7
       7
       6
       6
      16
       4
       7
      10
       6
      11
       8
      14
       7
       4
       6
      11
       4
      10
       8
       8
       6
       7
      10
       8
       9
       7
       6
       7
      10
       7
      10
       9
       9
      13
      15
      11
      12
      13
      16
      17
      18
      12
      12
      13
      14
      16
      14
      14
       7
       6
      16
      13
      14
      19
      13
      12
      17
      16
      16
      18
      18
      10
      12
      13
      10
      10
      12
      13
      11
      11
       8
      11
       7
      15
      14
      15
      13
       7
       7
       3
       7
       7
       6
      13
      13
       5
      13
       9
      10
       6
       5
       4
      10
       9
      11
       8
       7
       9
      11
      12
      14
       3
       6
       7
       5
       8
       8
       6
       3
       6
       5
      15
       5
       7
       7
      10
       5
       9
       9
       6
       5
       4
       5
       8
       8
       5
      11
      10
       5
       3
      11
       8
       5
       4
       7
       4
      13
       6
       5
       6
       3
       8
       8
      10
      10
       3
       9
       5
       7
       6
       9
       6
       7
       7
       8
       6
       8
       8
       6
      13
       9
       9
       7
       3
       7
       5
       5
       9
       7
       4
       8
       3
      14
       6
       6
       7
       8
       9
       2
       5
       6
       5
       4
       3
       5
       3
       7
       3
       8
       4
       6
       3
       3
       8
       7
       6
       6
       4
       1
       6
       4
       5
       5
       9
       4
       3
       9
       2
       4
       2
       4
       5
       4
       6
       3
       4
       2
       1
       2
       5
       6
       7
       1
       1
       5
       3
       2
       4
       4
       4
       1
       3
       2
       4
       6
       7
       3
       3
       3
       4
       2
       1
       4
       1
       2
       9
       2
       6
       5
       3
       9
       4
       5
       0
       3
       4
       4
       3
       4
       2
       2
       2
       0
       3
       2
       5
       4
       4
       4
       2
       1
       3
       5
       2
       5
       1
       6
       3
       7
       5
       0
       3
       3
       3
       2
       1
       5
       3
       2
       3
       3
       5
       4
       2
       5
       4
       5
       1
       4
       6
       6
      10
       7
       5
       9
       6
       8
       5
       6
       7
       7
      11
       7
       8
       7
       8
       9
      11
      10
      11
      15
      18
      10
      16
      15
      12
      18
      14
      13
      20
      21
      12
      18
      18
      20
      27
      23
      22
      21
      18
      25
      28
      28
      20
      21
      23
      21
      17
      25
      23
      20
      23
      19
      20
      27
      23
      26
      20
      20
      30
      20
      18
      18
      15
      22
      23
      22
      16
      19
      16
      20
      12
      16
      11
      10
      11
      14
       9
       8
       3
      15
       7
      14
       9
      10
      10
       6
       8
       7
       9
       6
       7
       9
       6
       6
       6
       5
       6
       6
       4
       1
       2
       1
       2
       4
       3
       1
       2
       1
       2
       1
       0
       2
       1
       1
       0
       0
       0
       1
       0
       5
       1
       2
       1
       0
       2
       0
       1
       1
       0
       0
       2
       0
       1
       0
       1
       3
       0
       2
       0
       0
       0
       2
       2
       0
       0
       1
       0
       1
       0
       0
       0
       0
       1
       1
       0
       0
       0
       1
       0
       2
       2
       0
       1
       0
       0
       1
       0
       2
       0
       1
       1
       1
       1
       0
       2
       1
       1
       0
       0
       1
       0
       1
       0
       2
       0
       1
       1
       1
       2
       0
       0
       0
       0
       0
       1
       0
       0
       0
       0
       0
       0
       0
       0
       0
       0
       0
       0
       1
       1
       2
       1
       0
       0
       0
       0
       0
       1
       0
       1
       0
       0
       0
       2
       2
       0
       0
       1
       0
       0
       0
       0
       0
       0
       0
       0
       2
       1
       0
       0
       0
       0
       1
       0
       0
       1
       0
       1
       0
       0
       1
       0
       0
       2
       0
       0
       0
       0
       0
       1
       0
       0
       0
       2
       0
       2
       1
       1
       0
       1
       0
       1
       0
       0
       0
       1
       1
       1
       0
       0
       0
       0
       0
       0
       0
       1
       1
       0
       0
       0
       2
       0
       0
       1
       0
       1
       0
       0
       1
       0
       0
       0
       0
       2
       0
       0
       0
       0
       1
       0
       0
       0
       0
       0
       0
       0
       1
       0
       1
       0
       0
       1
       0
       0
       0
       0
       0
       2
       1
       1
       0
       0
       0
       1
       0
       1
       0
       1
       0
       1
       0
       0
       0
       0
       0
       1
       0
       0
       1
       0
       0
       1
       0
       0
       2
       1
       0
       1
       0
       0
       0
       0
       0
       0
       0
       0
       0
       0
       0
       0
       0
       0
       0
       0
       0
       0
       0
       0
       0
       0
       0
       0
       0
       0
       0
       0
       0
       0
       0
       0
       0
       0
       0
       0
       0
       0
       0
       0
       0
       0
       0
       0
       0
       0
       0
       0
       0
       0
       0
       0
       0
       0
       0
       0
       0
       0
       0
       0
       0
       0
       0
       0
       0
       0
       0
       0
       0
       0
       0
       0
       0
       0
       0
       0
       0
       0
       0
       0
       0
       0
       0
       0
       0
       0
       0
       0
       0
       0
       0
       0
       0
       0
       0
       0
       0
       0
       0
       0
       0
       0
       0
       0
       0
       0
       0
       0
       0
       0
       0
       0
       0
       0
       0
       0
       0
$ROI:
5
471 536
564 647
763 844
1001 1090
1573 1669
$PRESETS:
Real Time
120
0
$ENER_FIT:
-20.212013 1.714672
$MCA_CAL:
3
-2.021201E+001 1.714672E+000 4.288640E-006 keV
$SHAPE_CAL:
3
1.158210E+001 3.853783E-002 -7.560620E-006
