$SPEC_ID:
This is spectrum 002
$SPEC_REM:
DET# 1
DETDESC# CK155-04 Easy-MCA-2k SN 12292282
AP# Maestro Version 7.01
$DATE_MEA:
02/17/2022 11:07:05
$MEAS_TIM:
119 120
$DATA:
0 2047
       0
       0
       0
       0
       0
       0
       0
       0
       1
       0
       0
       0
       0
       2
      59
      94
      98
     104
     107
      91
      86
     117
      84
     105
      96
     119
     115
     114
     118
     128
     142
     145
     141
     149
     140
     170
     165
     163
     196
     194
     175
     201
     230
     234
     213
     240
     254
     266
     283
     288
     308
     300
     319
     318
     314
     328
     325
     300
     336
     364
     350
     354
     339
     359
     401
     394
     410
     362
     367
     396
     385
     351
     422
     394
     363
     359
     372
     378
     386
     387
     358
     359
     379
     371
     363
     388
     377
     354
     381
     359
     339
     340
     325
     336
     306
     324
     294
     320
     330
     346
     323
     304
     294
     270
     341
     326
     322
     289
     299
     304
     277
     302
     288
     333
     292
     273
     258
     279
     267
     258
     273
     289
     246
     275
     258
     273
     255
     277
     261
     261
     230
     255
     258
     265
     241
     216
     259
     263
     246
     253
     233
     244
     260
     253
     263
     246
     256
     223
     228
     221
     209
     211
     211
     211
     237
     202
     209
     195
     175
     201
     185
     183
     188
     181
     175
     182
     179
     176
     182
     164
     148
     156
     172
     173
     148
     157
     140
     161
     166
     127
     178
     145
     150
     139
     131
     155
     129
     123
     141
     126
     139
     131
     104
     121
     113
     135
     128
     109
     120
     122
     103
     142
     126
     138
     115
     110
     126
     108
     129
     132
     125
     120
     113
     110
     125
     121
     106
     112
     115
     110
      87
     120
     103
     106
      97
      99
      90
      79
      95
      96
      94
      95
      87
      98
     107
      74
      88
      71
      89
      92
      94
      82
      83
      78
      82
      70
      81
      74
      89
      80
      74
      97
      97
      69
      73
      90
      75
      69
      92
      69
      68
      77
      84
      82
      66
      83
      68
      81
      73
      72
      87
      69
      85
      95
      69
      78
      89
      79
      66
      55
      72
      80
      85
      57
      71
      76
      71
      57
      77
      70
      62
      75
      70
      66
      74
      74
      75
      68
      78
      71
      73
      54
      90
      87
      79
      61
      57
      70
      75
      73
      79
      69
      65
      61
      97
      73
      82
      86
      67
      55
      67
      58
      76
      51
      66
      69
      68
      78
      51
      52
      65
      56
      69
      75
      67
      55
      59
      64
      65
      64
      61
      52
      65
      51
      64
      62
      60
      55
      70
      90
      51
      70
      59
      62
      76
      66
      62
      61
      74
      84
      68
      62
      63
      76
      63
      65
      61
      55
      52
      53
      54
      67
      61
      61
      55
      51
      60
      50
      56
      49
      49
      47
      43
      29
      57
      40
      40
      44
      38
      38
      45
      42
      34
      40
      39
      41
      41
      39
      36
      41
      35
      43
      34
      49
      38
      38
      46
      36
      33
      41
      36
      43
      35
      37
      43
      42
      39
      44
      43
      41
      40
      35
      41
      27
      40
      44
      40
      31
      27
      35
      38
      44
      43
      51
      44
      34
      39
      45
      25
      48
      44
      37
      36
      29
      23
      32
      35
      33
      50
      33
      32
      37
      30
      39
      46
      41
      33
      36
      37
      33
      35
      52
      32
      36
      49
      31
      39
      34
      42
      22
      35
      43
      37
      34
      40
      46
      45
      50
      47
      51
      58
      69
      67
      55
      67
      78
      77
      91
      67
      97
     106
     109
     118
     120
     128
     131
     122
     139
     141
     154
     174
     149
     144
     154
     156
     157
     175
     143
     140
     161
     138
     133
     121
     149
     109
     107
     104
      92
     106
      81
      88
      92
      85
      68
      62
      65
      52
      55
      46
      50
      44
      35
      30
      32
      27
      39
      33
      35
      22
      23
      32
      27
      24
      25
      25
      28
      27
      33
      20
      34
      23
      27
      26
      24
      22
      31
      21
      26
      29
      25
      20
      27
      22
      27
      34
      32
      37
      27
      35
      22
      31
      19
      36
      28
      25
      40
      23
      37
      22
      39
      26
      37
      45
      36
      30
      37
      33
      41
      48
      37
      52
      48
      37
      57
      64
      52
      56
      62
      71
      64
      67
      40
      62
      69
      56
      52
      64
      65
      60
      52
      60
      50
      49
      58
      43
      43
      48
      39
      53
      48
      45
      41
      35
      31
      36
      29
      32
      30
      31
      34
      37
      33
      27
      32
      20
      29
      27
      25
      16
      14
      16
      27
      26
      33
      28
      24
      23
      20
      27
      14
      19
      19
      20
      24
      22
      21
      22
      25
      15
      21
      27
      15
      22
      20
      18
      16
      23
      15
      16
      25
      25
      26
      21
      18
      11
      31
      22
      17
      16
      17
      18
      17
      22
      16
      18
      24
      16
      18
      16
      19
       9
      13
      16
      15
      15
      12
      16
      10
      18
      10
      15
      13
      10
      17
      13
      15
      13
      14
      15
       9
      15
      13
      11
       6
      15
      13
      15
      12
      21
       8
      12
      15
      10
       9
      12
      10
      12
       9
       7
      14
       8
       9
       8
      13
      13
      12
       9
      14
       6
      10
      13
       8
      10
      13
       6
       8
       5
       7
      13
       7
      10
       9
      17
      10
       8
       8
       4
      12
      11
      11
      13
       5
      12
      13
       9
       9
      14
       9
       6
      11
       9
      13
      15
      21
      17
      15
      14
      18
      22
      25
      21
      28
      20
      33
      37
      26
      33
      34
      37
      44
      20
      39
      49
      42
      42
      55
      54
      54
      55
      79
      60
      61
      70
      69
      64
      78
      65
      76
      81
      78
      53
      73
      73
      50
      67
      73
      64
      62
      68
      51
      61
      46
      50
      59
      45
      62
      50
      48
      42
      46
      29
      31
      32
      37
      34
      29
      26
      30
      18
      36
      21
      20
      24
      15
      14
      16
      25
      18
      26
      19
      28
      30
      17
      21
      20
      16
      21
      18
      12
      24
      23
      26
      19
      12
      17
      19
      14
      25
      13
      15
      16
      18
      23
      26
      15
       9
      14
      11
      15
      17
       8
      16
      10
      10
      12
       8
       9
       9
       7
       8
      10
      11
       8
       8
      10
      11
       9
       9
      12
       5
       5
       8
       3
      11
       8
       4
       1
       8
       7
       7
       7
       8
       5
       0
       5
       3
      10
       8
       8
       6
       6
       8
       3
       9
       4
       5
       5
       5
       4
       7
       5
       4
       6
       5
       8
       6
       7
       4
       7
       2
       8
       5
       4
       6
       7
       5
       9
       7
       7
       5
      11
       8
       8
       3
       6
       2
       3
       4
       5
       4
       3
       3
       3
       6
       5
       6
       6
       1
       5
       6
       4
       3
       4
       4
       5
       5
       5
       9
       6
       6
       6
       3
       6
       5
       5
       6
       7
      11
       7
       4
       7
       6
       4
       8
       7
       8
       9
       9
       7
       8
       4
      11
       5
       6
      14
      10
      11
      11
      11
       8
      13
      10
      11
      13
       9
      11
       9
      11
      11
      11
       9
       9
       8
      11
      11
      10
       5
       9
       9
      12
      11
       6
       7
      10
       7
       7
       9
       5
       4
       6
       9
       9
       5
       5
       5
       8
       6
       8
       6
       7
       8
       9
       9
       9
       7
       3
       5
       9
       4
       3
       7
       9
       3
       9
       4
       8
       5
       7
       5
       8
       5
       8
       7
       9
       8
       7
       1
       8
       5
       4
       6
       8
       2
       9
       5
       7
       7
       4
       5
       7
       8
       3
       2
       5
       6
       3
       5
       9
       5
       5
       4
       6
       7
       3
       4
      11
       5
       8
       2
       3
       5
       5
       5
       4
       4
       4
       3
       4
       3
       6
       6
      10
       6
       6
       2
       4
       9
       5
       8
       5
       8
       4
       5
       6
       9
       6
       6
       4
       7
       5
       6
       8
       9
       8
       5
       1
       5
       8
       7
       4
       3
       3
       5
       6
       3
       7
       2
       3
       8
       7
       5
       8
       6
       4
       7
       2
       5
       8
       5
       5
       3
       3
       6
       7
       5
       4
       8
       6
       4
       3
       5
       5
       6
       6
       4
       4
       9
       6
       7
       8
       5
       5
      12
       4
       6
       4
       3
       7
       5
       8
       4
       4
       5
       5
       5
       6
      11
       3
       7
       3
       7
       2
       7
       5
       6
       8
       4
       4
       6
       5
       4
       8
       4
       8
       4
       7
       5
       1
       5
       6
       8
       9
       5
       2
       7
       3
       4
       6
       8
      10
       3
       5
       5
      12
       3
       5
       5
       8
       4
       7
       5
       3
       5
       6
       8
       8
       2
       5
       1
       5
       4
      10
       3
       4
       0
       8
       4
       4
       7
      10
       5
       6
       9
       6
       6
       3
       2
       2
      13
       8
       7
      10
       3
       6
       4
       5
       7
      14
       5
       9
       7
       4
      10
       5
       9
       8
       6
      14
       5
       7
      11
      13
       5
      14
      14
      12
      11
       8
      12
       7
      12
      11
       8
       9
       7
      13
       9
      13
      20
      14
      15
      10
      13
      13
      10
       9
      19
      12
      11
      17
      13
      18
      11
       9
      15
      11
       8
      14
      14
      14
       8
      14
       8
       9
      15
      10
       8
      12
      14
      14
      12
       8
      12
       5
      15
       7
      11
       9
       7
       7
       6
      10
       7
       5
       9
      10
       9
       7
       7
       8
       8
       9
       3
       9
       9
       8
       6
       8
       4
       8
      13
      12
       8
       8
       8
       0
      11
       7
      10
       7
       1
      10
       4
      12
       8
       4
       4
       9
      10
       5
       6
       6
       1
       5
      12
       5
       8
       7
       4
      11
       4
       8
       5
      11
       6
       6
       8
       6
       3
      12
      10
      10
      13
      11
       7
       8
      12
       2
       6
       9
       8
      10
       8
      10
      15
       7
       9
       7
       6
       9
       7
       6
       7
      10
       7
       8
      11
      11
       7
       4
       8
       5
       7
       3
       1
       6
      10
       6
       8
       5
       6
       7
       5
       7
       6
       8
       4
       5
       4
       6
       8
       5
       4
       3
       8
       4
       4
       4
       5
       8
       5
       5
       4
       9
       3
       3
       6
       7
       3
       6
       2
       4
       4
       3
       4
       5
       2
       5
       6
       2
       3
       3
       1
       7
       2
       1
       1
       2
       4
       4
       3
       5
      10
       6
       6
       9
       2
       3
       6
       3
       3
       5
       3
       4
       3
       2
       1
       3
       1
       7
       2
       2
       2
       7
       3
       2
       1
       3
       3
       2
       2
       1
       5
       5
       1
       4
       5
       6
       2
       2
       2
       4
       3
       3
       5
       1
       4
       4
       3
       5
       2
       0
       7
       7
       1
       7
       5
       6
       1
       3
       5
       3
       6
       3
       4
       5
       7
      10
       4
       7
       8
       6
       4
       8
       8
       9
       5
      11
      11
      11
      13
       8
      11
      19
      17
      14
      24
      19
      19
      15
      17
      12
       9
      25
      15
      18
      26
      21
      29
      24
      19
      24
      25
      27
      20
      24
      26
      21
      31
      18
      21
      24
      27
      20
      28
      19
      24
      29
      22
      21
      13
      27
      19
      23
      14
      21
      15
      15
      14
      16
      19
      14
      13
      14
      14
      15
      14
      15
      16
       9
      13
      12
       7
       5
      10
       4
       7
       8
       7
       9
       7
       7
       6
       4
       7
       3
       4
       4
       3
       4
       4
       4
       1
       4
       1
       3
       2
       2
       1
       1
       3
       1
       1
       4
       1
       1
       0
       1
       1
       1
       0
       1
       1
       1
       1
       2
       0
       1
       0
       2
       1
       0
       1
       0
       0
       4
       2
       0
       1
       2
       2
       1
       0
       0
       1
       0
       0
       2
       1
       2
       0
       0
       0
       1
       0
       2
       0
       1
       1
       0
       1
       2
       0
       1
       0
       3
       0
       0
       1
       0
       0
       2
       1
       0
       1
       1
       1
       1
       0
       0
       0
       0
       0
       0
       1
       1
       1
       1
       0
       0
       2
       0
       1
       1
       0
       2
       0
       1
       2
       1
       1
       1
       0
       0
       0
       1
       1
       0
       0
       0
       1
       0
       2
       0
       0
       1
       1
       2
       0
       0
       0
       1
       1
       0
       2
       0
       0
       0
       1
       0
       1
       0
       0
       0
       0
       1
       0
       1
       1
       2
       0
       4
       0
       2
       1
       0
       0
       2
       0
       1
       0
       1
       1
       2
       1
       1
       3
       0
       1
       0
       2
       2
       0
       0
       1
       0
       0
       0
       0
       1
       0
       2
       0
       3
       0
       0
       1
       1
       0
       0
       0
       0
       0
       1
       1
       0
       0
       0
       0
       1
       1
       0
       0
       0
       0
       0
       1
       1
       0
       1
       2
       1
       2
       1
       1
       0
       0
       1
       0
       1
       0
       1
       1
       0
       3
       0
       0
       0
       2
       1
       0
       0
       0
       0
       1
       2
       2
       0
       1
       0
       1
       1
       2
       2
       0
       0
       2
       1
       0
       0
       0
       0
       0
       0
       1
       1
       0
       0
       0
       0
       1
       0
       0
       0
       2
       1
       0
       0
       0
       0
       1
       0
       0
       0
       1
       0
       0
       0
       0
       0
       0
       0
       0
       0
       0
       0
       0
       0
       0
       0
       0
       0
       0
       0
       0
       0
       0
       0
       0
       0
       0
       0
       0
       0
       0
       0
       0
       0
       0
       0
       0
       0
       0
       0
       0
       0
       0
       0
       0
       0
       0
       0
       0
       0
       0
       0
       0
       0
       0
       0
       0
       0
       0
       0
       0
       0
       0
       0
       0
       0
       0
       0
       0
       0
       0
       0
       0
       0
       0
       0
       0
       0
       0
       0
       0
       0
       0
       0
       0
       0
       0
       0
       0
       0
       0
       0
       0
       0
       0
       0
       0
       0
       0
       0
       0
       0
       0
       0
       0
       0
       0
       0
       0
       0
       0
       0
       0
       0
$ROI:
5
471 536
564 647
763 844
1001 1090
1587 1659
$PRESETS:
Real Time
120
0
$ENER_FIT:
-20.212013 1.714672
$MCA_CAL:
3
-2.021201E+001 1.714672E+000 4.288640E-006 keV
$SHAPE_CAL:
3
1.158210E+001 3.853783E-002 -7.560620E-006
