$SPEC_ID:
This is spectrum 007
$SPEC_REM:
DET# 1
DETDESC# CK155-04 Easy-MCA-2k SN 12292282
AP# Maestro Version 7.01
$DATE_MEA:
02/17/2022 11:17:10
$MEAS_TIM:
119 120
$DATA:
0 2047
       0
       0
       0
       0
       0
       0
       0
       0
       0
       0
       0
       1
       2
       3
      85
      68
      75
     108
      61
      67
      96
      80
      93
      98
      95
      95
      95
      96
     105
     114
     108
     122
     125
     113
     134
     134
     129
     165
     153
     134
     177
     199
     191
     205
     233
     229
     228
     235
     242
     243
     255
     279
     305
     282
     313
     327
     327
     308
     336
     329
     317
     336
     367
     346
     359
     352
     330
     347
     341
     332
     323
     324
     343
     336
     370
     360
     345
     334
     363
     320
     341
     377
     353
     372
     340
     356
     312
     355
     327
     353
     312
     315
     295
     305
     313
     316
     305
     290
     294
     267
     258
     292
     272
     296
     269
     295
     286
     257
     309
     289
     279
     267
     242
     261
     243
     310
     252
     235
     270
     233
     216
     222
     243
     214
     235
     259
     237
     248
     212
     246
     234
     247
     233
     207
     211
     231
     212
     220
     201
     198
     228
     220
     209
     231
     207
     213
     192
     225
     213
     187
     185
     209
     195
     189
     195
     183
     186
     158
     165
     169
     163
     174
     147
     156
     143
     156
     160
     162
     163
     150
     140
     152
     133
     141
     140
     134
     135
     143
     120
     148
     136
     123
     132
     107
     134
     135
     122
     131
     102
     109
     103
     104
     111
      99
     115
     113
     105
     103
     108
     103
      93
     117
     119
      92
      98
     105
     111
     102
     116
     100
      90
     104
      93
      97
      98
     103
      86
     100
      86
      87
      93
      84
     101
      92
      84
      68
      80
     102
     105
      75
      89
      82
      88
      83
      91
      83
      86
      83
      77
      69
      64
      70
      63
      83
      66
      87
      56
      70
      70
      69
      76
      69
      81
      71
      73
      64
      68
      75
      73
      71
      64
      64
      63
      67
      67
      79
      62
      50
      81
      74
      67
      60
      53
      65
      59
      64
      55
      61
      52
      63
      64
      44
      69
      47
      54
      58
      52
      68
      68
      51
      51
      54
      53
      57
      64
      65
      62
      69
      69
      73
      54
      57
      64
      57
      53
      58
      68
      71
      58
      64
      57
      63
      54
      72
      61
      54
      61
      54
      64
      51
      68
      52
      51
      47
      56
      51
      53
      45
      50
      44
      51
      60
      57
      44
      54
      53
      48
      44
      52
      51
      51
      60
      51
      54
      55
      49
      40
      56
      52
      49
      41
      63
      50
      39
      59
      48
      53
      64
      60
      41
      57
      45
      40
      51
      52
      46
      49
      51
      46
      43
      42
      35
      58
      48
      37
      42
      44
      48
      51
      45
      40
      39
      38
      49
      35
      28
      38
      44
      38
      37
      40
      45
      31
      31
      28
      41
      32
      25
      35
      52
      41
      45
      40
      31
      29
      44
      33
      33
      27
      29
      30
      27
      34
      30
      42
      24
      36
      36
      24
      35
      19
      16
      34
      32
      35
      25
      30
      39
      37
      30
      29
      39
      27
      32
      22
      39
      33
      28
      22
      34
      33
      32
      41
      33
      30
      28
      35
      30
      22
      37
      30
      38
      24
      30
      38
      32
      32
      31
      37
      32
      32
      34
      29
      21
      27
      23
      25
      25
      25
      33
      22
      25
      42
      34
      31
      34
      29
      31
      36
      49
      38
      43
      39
      37
      37
      40
      42
      51
      46
      49
      67
      73
      87
      71
      87
      65
      78
     102
      69
      76
      91
      77
      96
      73
      99
      81
     101
      81
      72
      92
      75
      86
      85
      87
      82
      63
      71
      60
      40
      60
      54
      55
      41
      39
      48
      36
      32
      30
      28
      38
      31
      34
      34
      26
      41
      28
      26
      32
      22
      25
      24
      28
      20
      25
      28
      33
      28
      27
      26
      17
      22
      19
      28
      33
      25
      30
      32
      30
      27
      29
      22
      29
      25
      33
      20
      27
      28
      29
      22
      25
      25
      25
      22
      25
      24
      34
      22
      25
      24
      36
      25
      43
      24
      29
      40
      29
      32
      46
      34
      24
      37
      44
      30
      33
      38
      47
      44
      40
      40
      41
      32
      44
      49
      46
      46
      32
      30
      42
      38
      35
      45
      35
      37
      35
      29
      25
      25
      40
      29
      33
      36
      36
      23
      29
      20
      24
      20
      30
      23
      31
      14
      27
      19
      23
      32
      16
      21
      26
      12
      22
      25
      26
      28
      24
      22
      20
      21
      21
      31
      21
      22
      22
      21
      13
      28
      19
      22
      20
      28
      23
      13
      22
      27
      22
      18
      32
      12
      16
      13
      15
      19
      21
      17
      17
      21
      20
      13
       8
      17
      13
      16
       9
      10
      10
      21
      13
       9
      14
      18
      14
      14
      19
      11
      15
      24
      20
      13
      22
      18
       8
       8
      15
      11
       4
       9
      14
      14
      15
       7
      13
       8
       9
      12
      13
      16
      14
      16
      14
      19
      10
      12
       9
      18
       9
      17
      14
      14
      11
       8
      14
       9
       5
      11
      19
       9
       7
      12
       7
       9
      13
      13
      11
      10
       9
       9
       9
       6
      12
      11
      12
      11
       8
      11
      14
       9
      10
      15
      11
      10
       8
       6
       6
       6
      15
      14
      14
      12
       4
      13
      16
      14
       9
      18
      14
      18
      13
      14
      15
      19
      20
      23
      28
      28
      30
      24
      35
      32
      34
      33
      33
      33
      35
      45
      43
      55
      55
      55
      51
      54
      63
      58
      77
      50
      60
      84
      59
      73
      64
      52
      69
      68
      56
      91
      72
      59
      83
      68
      56
      64
      88
      69
      50
      46
      54
      38
      48
      54
      32
      42
      29
      36
      29
      27
      31
      31
      26
      26
      21
      24
      26
      15
      23
      25
      21
      26
      21
      25
      26
      21
      21
      27
      24
      18
      13
      23
      18
      17
      21
      22
      20
      22
      19
      21
      14
      23
      18
      28
      19
      24
      27
      13
      21
      18
      14
      21
      18
      13
      19
      20
      14
      11
      11
      15
      13
      16
      15
       8
      12
       9
       8
       4
       7
       9
       6
       7
       9
       4
       4
       6
      10
       9
       6
       3
       9
       3
       2
       5
       6
       7
       8
       3
       4
       5
       3
       5
       8
       6
       6
       3
       6
       8
       5
       4
       3
       9
      11
       5
       2
      11
       4
       6
       9
       5
       4
       8
       6
       2
       1
       4
       5
       7
       5
       6
       8
       7
       2
       7
       8
       3
       8
       2
       5
       3
       5
       4
       4
       6
       6
       4
      10
       6
       7
       5
       5
       3
       6
       6
       2
       8
       5
       2
       3
      11
       5
       3
       2
       6
       2
       8
      10
       8
       7
       3
       7
       6
       7
       4
       6
       7
      14
       9
       7
       6
       9
       5
       7
       5
       4
       3
       4
       3
       3
      12
      10
       9
       9
       5
       9
       9
       5
       7
       3
       7
       6
      11
      11
       5
       5
      11
       8
       8
       7
      12
       7
      10
       6
       3
       6
       8
       8
       8
      11
       8
      10
       6
      10
       7
       9
       5
      10
       5
      10
       5
       8
       8
       9
       5
      10
       9
      10
       6
       8
       2
      10
       8
      10
       6
       4
       8
       6
       6
       7
      13
       7
       2
       8
       6
       4
       7
       8
       6
       2
       5
       6
       6
       6
       5
       5
       6
       6
       7
       5
       6
       6
       6
       7
       6
       7
       7
       3
       6
       1
       2
       7
       4
       6
       3
       3
       8
       1
       9
       4
       4
       8
       4
       1
       6
       4
       8
       5
       2
       4
       6
       4
       6
       6
       2
       3
       2
       6
       8
       4
       4
       3
       3
       5
       5
       4
       9
       5
       3
       5
       4
       4
       6
       6
       4
       5
       7
       6
       5
       7
       9
       5
       7
       3
       3
       6
       3
       4
       2
       4
       5
       9
       5
       6
       6
       9
       4
       4
       8
       3
       7
       7
       4
      11
       4
       5
       7
      11
       5
       6
       6
       6
       6
       4
       6
       6
      10
       8
       4
       6
       8
       7
       3
       7
       4
       8
       4
       2
       3
       4
       4
       4
       4
       7
       3
       6
       2
       6
       7
       5
       3
       3
       1
       6
      10
       9
       4
       6
       3
       3
      10
       7
       6
      10
       5
       3
       5
       4
       4
       7
       6
       9
       8
       3
      10
       3
       5
       5
       6
       7
       6
       4
       7
       3
       6
       8
       5
       3
       2
       5
       4
       3
       4
       9
       3
       6
       8
      11
       2
       6
       6
       5
       4
       5
       9
       4
       5
       3
       9
       5
       6
       7
       5
       5
       8
       5
       5
      13
       5
       8
       7
       6
       4
       4
       8
       4
       8
       6
       4
       5
      10
       4
       8
       5
       6
       3
       3
       8
       6
       3
       8
      11
       6
       9
       6
       7
       7
      10
       5
       8
      13
      10
       7
      10
       5
      16
      17
      10
      11
      16
       8
      14
      11
      10
       7
      11
      13
      11
      13
      15
      11
      13
      13
      13
      12
       9
      14
       9
       9
      12
       7
       8
      13
      10
      19
      12
      10
      10
      17
       9
      16
      10
       7
      14
      16
      11
      13
      10
      15
      10
       9
      11
      12
      10
      13
       9
       4
       5
      10
       6
      14
       9
       7
       7
       7
      10
       7
       8
      10
      11
       5
      10
      11
       6
      10
       8
       5
       4
      10
       7
       6
       9
       6
       5
       8
      10
       5
       7
       4
       9
       4
       8
       7
       8
       8
      10
       6
       5
       8
       6
       2
       7
       8
       1
       7
       5
       5
       8
       9
       2
       6
       5
       6
       3
       9
      11
       7
       8
       8
      13
       6
       8
      11
       7
      15
       7
       8
       7
       8
       9
       8
       2
       7
       9
       7
       8
       1
       4
       8
       9
       4
       8
       7
       7
       6
       6
       8
       6
       6
       8
       5
       3
       8
       6
      12
       1
       8
       7
       5
       8
       3
       3
       7
       3
       3
       5
       9
       6
       5
       8
       7
       5
       8
       7
       5
       9
       6
       5
       2
       4
       2
       5
       6
       4
       7
       5
       8
       5
       4
       4
       5
       4
       5
       1
      11
       6
       2
       6
       3
       6
       1
       5
       3
       2
       7
       1
       3
       4
       4
       5
       3
       4
       3
       6
       1
       3
       4
       1
       8
       3
       2
       1
       6
       2
       4
       4
       5
       6
       5
       1
       5
       6
       9
       3
       2
       4
       3
       4
       2
       3
       3
       4
       6
       2
       4
       3
       2
       2
       1
       4
       3
       3
       4
       2
       2
       5
       4
       4
       4
       3
       2
       5
       5
       3
       2
       4
       4
       9
       5
       2
       6
       5
       7
       2
       2
       6
      13
      11
       9
       6
       7
       9
       7
       6
      10
      13
       8
       9
      13
      14
      20
      11
      19
      15
      21
      11
      18
      17
      10
      17
      16
      14
      23
      18
      14
      14
      14
      18
      22
      25
      17
      22
      28
      17
      18
      20
      23
      27
      19
      26
      20
      26
      17
      26
      31
      15
      27
      25
      25
      24
      25
      16
      26
      14
      19
      21
      19
      22
      16
      11
      15
      12
      15
      14
      13
      12
      16
      12
      12
      15
      17
       9
       8
       5
       7
      12
      10
       7
       5
       7
       7
       3
       4
       6
       3
       6
       3
       4
       5
       2
       1
       3
       3
       4
       3
       3
       4
       3
       3
       1
       2
       2
       0
       1
       0
       2
       0
       2
       0
       0
       2
       1
       0
       0
       3
       0
       1
       0
       2
       0
       2
       1
       0
       0
       0
       0
       1
       0
       2
       1
       1
       1
       1
       1
       1
       0
       0
       1
       1
       0
       0
       0
       0
       0
       1
       0
       2
       1
       1
       0
       1
       1
       0
       1
       0
       0
       0
       0
       0
       0
       0
       0
       1
       2
       0
       2
       1
       0
       0
       1
       0
       0
       0
       2
       0
       1
       3
       1
       2
       0
       0
       0
       2
       0
       0
       0
       0
       0
       1
       0
       0
       0
       0
       0
       2
       0
       1
       1
       1
       0
       0
       1
       0
       2
       3
       2
       0
       0
       0
       2
       2
       0
       0
       1
       2
       0
       0
       1
       0
       0
       0
       1
       2
       2
       0
       1
       0
       1
       0
       2
       0
       0
       1
       0
       0
       0
       2
       1
       0
       1
       0
       2
       0
       0
       0
       0
       1
       0
       0
       1
       2
       0
       1
       1
       0
       0
       0
       0
       0
       0
       1
       0
       0
       0
       1
       0
       0
       0
       1
       1
       1
       0
       1
       0
       1
       0
       2
       1
       1
       0
       0
       0
       1
       1
       1
       0
       0
       1
       0
       0
       0
       0
       0
       1
       0
       0
       0
       0
       0
       0
       0
       1
       1
       1
       1
       1
       2
       0
       0
       0
       2
       0
       0
       0
       0
       0
       0
       0
       0
       0
       0
       0
       0
       1
       0
       0
       0
       0
       1
       1
       0
       0
       0
       1
       0
       0
       1
       0
       0
       0
       0
       0
       1
       2
       0
       3
       0
       0
       0
       0
       1
       0
       0
       0
       0
       0
       0
       0
       0
       0
       0
       0
       0
       0
       0
       0
       0
       0
       0
       0
       0
       0
       0
       0
       0
       0
       0
       0
       0
       0
       0
       0
       0
       0
       0
       0
       0
       0
       0
       0
       0
       0
       0
       0
       0
       0
       0
       0
       0
       0
       0
       0
       0
       0
       0
       0
       0
       0
       0
       0
       0
       0
       0
       0
       0
       0
       0
       0
       0
       0
       0
       0
       0
       0
       0
       0
       0
       0
       0
       0
       0
       0
       0
       0
       0
       0
       0
       0
       0
       0
       0
       0
       0
       0
       0
       0
       0
       0
       0
       0
       0
       0
       0
       0
       0
       0
       0
       0
       0
       0
       0
       0
       0
       0
       0
       0
$ROI:
5
471 536
564 647
763 844
1001 1090
1573 1669
$PRESETS:
Real Time
120
0
$ENER_FIT:
-20.212013 1.714672
$MCA_CAL:
3
-2.021201E+001 1.714672E+000 4.288640E-006 keV
$SHAPE_CAL:
3
1.158210E+001 3.853783E-002 -7.560620E-006
