$SPEC_ID:
This is spectrum 014
$SPEC_REM:
DET# 1
DETDESC# CK155-04 Easy-MCA-2k SN 12292282
AP# Maestro Version 7.01
$DATE_MEA:
02/17/2022 11:31:17
$MEAS_TIM:
119 120
$DATA:
0 2047
       0
       0
       0
       0
       0
       0
       0
       0
       0
       0
       0
       0
       0
       1
      69
      79
      85
      77
      68
      66
      69
      72
      85
      93
      96
     102
      69
      90
      73
     129
     110
     103
      98
     102
     105
     136
     117
     130
     156
     142
     148
     173
     172
     183
     216
     208
     222
     223
     256
     254
     247
     252
     263
     265
     273
     270
     294
     278
     294
     336
     341
     356
     350
     344
     320
     316
     354
     350
     366
     345
     381
     317
     326
     338
     334
     333
     330
     320
     357
     319
     351
     325
     362
     342
     318
     337
     357
     311
     332
     296
     314
     309
     287
     299
     288
     261
     303
     274
     295
     281
     262
     276
     260
     262
     253
     254
     258
     243
     255
     247
     256
     240
     230
     220
     217
     233
     246
     234
     241
     248
     194
     220
     214
     241
     205
     188
     193
     209
     213
     193
     209
     226
     212
     221
     176
     195
     218
     211
     195
     207
     193
     213
     196
     196
     176
     169
     185
     200
     203
     201
     165
     179
     164
     196
     170
     148
     134
     140
     159
     154
     153
     152
     145
     139
     145
     157
     125
     127
     160
     123
     156
     157
     117
     119
     139
     145
     132
     146
     106
     117
     123
     115
     109
     109
      96
      99
     115
     113
     114
     110
      99
     127
      92
     111
     121
      99
      93
     102
     102
     107
      82
      96
      96
      97
      86
     102
      98
      88
      88
      95
      98
      83
     101
      78
      87
     109
      89
      90
      95
      77
      84
      83
      81
      74
      85
      76
      77
      72
      69
      74
      56
      71
      64
      51
      68
      62
      59
      64
      63
      51
      72
      70
      72
      68
      65
      62
      66
      72
      52
      48
      60
      53
      58
      67
      54
      60
      58
      63
      53
      62
      49
      52
      50
      59
      50
      53
      51
      61
      67
      65
      48
      63
      53
      47
      57
      55
      55
      48
      47
      55
      60
      48
      46
      50
      43
      50
      55
      63
      49
      60
      59
      53
      48
      43
      44
      58
      49
      52
      48
      53
      36
      62
      35
      49
      53
      57
      55
      46
      66
      53
      61
      58
      58
      64
      46
      53
      48
      48
      40
      47
      48
      57
      49
      46
      52
      39
      42
      27
      39
      41
      44
      55
      35
      44
      58
      47
      50
      31
      40
      47
      46
      50
      28
      34
      42
      41
      51
      42
      43
      49
      38
      35
      31
      45
      45
      43
      32
      45
      41
      41
      36
      44
      28
      48
      31
      49
      54
      47
      43
      47
      32
      32
      50
      44
      34
      37
      39
      35
      40
      40
      38
      38
      31
      32
      28
      36
      32
      42
      31
      42
      34
      40
      25
      38
      28
      32
      31
      27
      28
      33
      33
      35
      31
      18
      32
      27
      33
      28
      34
      41
      29
      34
      38
      29
      33
      20
      23
      21
      28
      28
      22
      22
      25
      33
      26
      20
      37
      29
      19
      31
      32
      23
      23
      32
      30
      19
      25
      30
      32
      25
      34
      26
      30
      28
      34
      32
      31
      35
      28
      16
      31
      26
      23
      33
      23
      20
      26
      27
      30
      19
      28
      25
      24
      29
      26
      29
      25
      27
      27
      26
      30
      33
      30
      28
      30
      26
      25
      32
      26
      32
      35
      36
      35
      31
      37
      39
      33
      37
      37
      39
      47
      37
      44
      46
      48
      34
      43
      47
      49
      31
      49
      35
      44
      50
      49
      50
      54
      51
      49
      55
      49
      45
      51
      40
      42
      29
      37
      41
      29
      29
      27
      42
      30
      14
      24
      34
      35
      30
      28
      28
      34
      28
      27
      27
      17
      20
      22
      23
      24
      31
      13
      25
      27
      26
      23
      25
      23
      25
      25
      21
      20
      25
      22
      27
      20
      31
      33
      32
      22
      22
      22
      31
      23
      22
      26
      21
      21
      23
      22
      27
      19
      24
      24
      24
      29
      18
      28
      32
      25
      22
      27
      20
      25
      22
      21
      31
      25
      25
      23
      20
      29
      16
      32
      33
      37
      28
      34
      30
      29
      24
      27
      34
      23
      23
      28
      27
      29
      37
      29
      19
      17
      29
      33
      25
      29
      21
      16
      29
      25
      23
      25
      23
      18
      24
      29
      22
      24
      25
      25
      14
      23
      24
      24
      21
      24
      27
      22
      21
      24
      14
      16
      24
      20
      27
      24
      22
      24
      16
      22
      21
      21
      25
      19
      22
      21
      22
      19
      22
      25
      25
      27
      21
      20
      16
      18
      15
      26
      26
      24
      20
      19
      13
      11
      17
      21
      17
      18
      14
      18
      11
      20
      14
      19
      11
      17
      18
      14
      18
       9
      12
      15
      16
      15
      17
       9
      17
      19
       6
      12
      11
      16
      13
      15
      15
      14
       9
      17
      13
      11
      10
       5
       9
      13
      11
      10
      12
       7
       8
       8
      14
      15
      11
       7
      14
       9
      13
      13
      10
      18
      15
      12
      16
      10
       9
       8
      13
      12
       8
      13
       9
      11
      12
      11
       8
       7
       9
       9
      10
      10
       3
      16
      14
      12
       7
      10
       7
      14
      15
      11
      14
       9
      13
       6
      20
       9
       9
      11
      11
       9
       9
       9
       7
      11
      10
       7
      20
      18
      22
      26
      20
      28
      14
      21
      20
      28
      31
      35
      33
      44
      33
      41
      35
      31
      53
      52
      46
      55
      60
      66
      67
      52
      62
      56
      64
      56
      68
      74
      67
      53
      74
      67
      72
      62
      75
      56
      74
      53
      58
      59
      49
      54
      57
      42
      58
      37
      38
      47
      34
      39
      47
      33
      27
      29
      33
      28
      22
      22
      26
      21
      19
      23
      23
      15
      15
      21
      19
      26
      19
      14
      19
      15
      21
      17
      20
      27
      12
      11
      24
      24
      16
      15
      15
      17
      31
      21
      17
      18
      21
      15
      16
      16
      15
      18
      27
      15
      18
      14
       9
      13
      12
      12
      13
      17
      11
       9
      13
      13
      19
       6
      10
       8
      13
       3
       7
       7
       6
       4
       6
       9
       5
       5
       5
       5
      13
       5
      10
       8
       7
       2
       4
       4
       4
       7
       5
       1
       4
       2
       6
       6
       6
       6
       5
       5
       4
       5
       5
       4
       3
       5
       3
       6
       7
      11
       8
       1
       8
       4
       7
       4
       2
       5
       5
       4
       7
       5
       5
       4
       6
       9
       3
       6
       5
       5
       5
       8
       6
       4
       6
       4
       3
       7
       4
       8
       5
       3
      10
       3
       6
       3
       7
       5
       7
       4
       5
       9
       4
      12
       6
       8
       7
       2
      11
       6
       6
       7
      11
      12
       5
      12
       9
       3
       6
      11
       1
       8
       6
       4
       6
       8
       6
       6
       8
       8
       6
       7
       7
      10
       8
       8
       7
      10
       7
      15
       5
       7
       8
      12
       6
      10
       6
       2
      12
       9
       5
       5
       8
       4
       4
       8
       5
       8
       8
       1
       6
       6
       6
      10
       8
      10
       8
       7
       3
       5
       7
       6
       6
      13
      10
       7
       6
      10
       6
       5
       4
       6
       9
       2
      10
       6
      14
       5
       7
      13
      13
       5
       5
       6
      10
       5
       5
       3
       8
       6
       5
       4
       6
       1
       6
       4
       4
       4
       6
       5
       5
       7
       9
       6
       7
       7
      11
       9
       3
       6
       2
       5
       6
       3
       8
       4
       8
       5
       9
       4
       8
       6
       8
       2
       5
       9
       7
      10
       4
       4
       5
       2
       7
       7
       9
       4
       7
       4
       2
       7
       4
      15
       8
       5
       6
       2
       9
       7
       2
       5
       3
       4
       4
       5
       2
       5
       3
       5
       2
       2
       4
       6
       4
       5
       4
       8
       6
       3
       9
      14
       6
       9
       3
       5
       5
       2
       4
       8
       3
       5
       6
       2
       3
       7
       6
      10
       3
       6
       8
       6
       4
       6
       7
       5
       8
       9
       6
       6
       3
       3
       2
       2
       3
       6
       4
       5
       7
       4
       4
       5
       4
       4
       8
       9
       9
       4
       3
      11
       6
       5
       7
       7
       7
       7
       8
       4
       7
       5
       4
       3
       3
       3
      11
       3
       6
       3
       2
      11
       1
       8
       4
      10
       1
       8
       4
       3
       3
       6
       8
       6
       4
       7
       4
       4
       6
       6
       8
       4
       3
       3
       6
      12
       3
       6
       7
       7
       6
       9
      11
      10
       8
       4
       2
       8
       4
       5
       6
       3
       4
       6
      10
       2
       5
      11
       8
       9
       6
      10
       3
       3
       8
       2
       2
       2
       7
       8
       9
       8
       7
       9
       5
       6
       9
       4
       7
      10
       5
      15
       7
       4
       3
       7
       7
       6
       5
       8
       6
       8
       7
       7
      10
       9
       5
       9
      13
      10
      14
       8
      12
      10
      11
       9
       7
       3
       7
      10
      11
      14
       9
      16
      11
      10
      18
      13
      17
      14
       9
      16
      12
      11
      11
      14
      12
       8
      11
       6
       9
      12
      14
      12
      10
      17
      16
      16
      10
      15
       9
       9
       6
      14
       8
       6
      11
       5
      11
      10
       7
       9
      11
      13
       5
       8
       8
       6
       8
       5
       6
       6
       6
      10
       8
       4
       6
       8
       7
       2
       6
       7
       6
      11
      11
       7
       8
      13
       8
       6
       6
       3
       6
       6
       4
       8
       4
       9
       5
       9
       4
       6
      11
       5
       9
       8
       7
       7
       7
      11
       7
      10
       7
       9
       7
       5
      14
       9
       9
       6
       9
       5
       6
      10
      10
       5
       3
      12
      12
       6
       7
       4
       9
       6
       9
       7
      11
       7
       6
       5
       1
       8
       9
       8
       4
       6
       3
       5
       2
      10
       8
       8
       9
       5
       2
      13
      11
       9
       4
       8
       6
       7
       5
       5
       5
       9
       5
       6
       3
       4
       3
       4
       6
       7
       4
       5
       6
       6
       5
       6
       6
       3
       4
       2
       4
       8
       0
       2
       6
       4
       2
       4
       3
       8
       4
       6
       4
       2
       3
       7
       5
       6
       3
       2
      10
       2
       3
       3
       5
       4
       5
       2
       6
       3
       2
       4
       6
       2
       6
       2
       4
       1
       5
       2
       3
       2
       2
       4
       4
       3
       4
       5
       1
       6
       4
       4
       2
       3
       3
       1
       5
       5
       4
       4
       6
       6
       2
       2
       4
       4
       2
       2
       7
       4
       2
       2
       1
       6
       5
       6
       2
       4
       2
       4
       2
       6
       6
       4
       0
       2
       5
       5
       5
       6
       7
       4
       2
       8
       8
       9
       4
       8
       8
       5
      14
      10
      14
       7
       7
      15
      11
       7
      13
      16
      11
      16
      15
      16
      15
      17
      13
      21
      17
      20
      22
      15
      18
      19
      19
      20
      29
      31
      23
      26
      21
      25
      23
      29
      19
      20
      23
      21
      22
      25
      27
      27
      24
      20
      28
      24
      20
      13
      17
      26
      20
      21
      13
      22
      25
      25
      17
      16
      22
      15
      13
      15
      16
      19
      14
      14
      12
      15
       8
       8
      11
       6
      11
       4
      10
       6
      11
       7
       8
       6
      10
       7
       6
       5
       8
       2
       3
       4
       4
       2
       1
       3
       3
       0
       1
       2
       1
       1
       3
       3
       0
       0
       5
       0
       1
       0
       2
       1
       1
       0
       0
       1
       1
       0
       1
       0
       1
       0
       1
       0
       0
       1
       0
       0
       0
       1
       1
       1
       1
       0
       1
       0
       2
       0
       2
       1
       2
       1
       1
       1
       0
       0
       1
       0
       0
       2
       2
       0
       0
       2
       1
       2
       1
       0
       0
       1
       0
       0
       0
       0
       0
       2
       0
       0
       0
       1
       0
       1
       0
       1
       1
       2
       0
       1
       0
       0
       1
       0
       0
       0
       0
       0
       0
       0
       1
       0
       0
       2
       0
       0
       0
       0
       2
       0
       1
       0
       0
       0
       2
       1
       0
       2
       0
       0
       0
       1
       1
       1
       0
       1
       1
       0
       0
       1
       0
       0
       0
       1
       0
       0
       1
       1
       1
       1
       1
       2
       0
       0
       1
       0
       0
       0
       0
       1
       0
       0
       1
       1
       0
       0
       2
       0
       0
       0
       2
       0
       1
       1
       1
       2
       0
       0
       0
       0
       0
       3
       1
       0
       0
       0
       0
       2
       0
       0
       0
       0
       1
       0
       1
       1
       1
       0
       0
       1
       2
       0
       1
       0
       1
       1
       1
       1
       1
       0
       2
       1
       0
       0
       1
       0
       0
       0
       0
       1
       0
       0
       1
       1
       0
       0
       1
       1
       0
       0
       1
       1
       0
       0
       0
       1
       0
       0
       0
       0
       1
       0
       1
       0
       2
       0
       2
       1
       1
       1
       2
       0
       0
       1
       1
       2
       1
       2
       1
       0
       0
       1
       0
       1
       0
       0
       0
       0
       0
       0
       0
       0
       0
       0
       1
       1
       0
       0
       0
       0
       0
       0
       0
       0
       0
       0
       0
       0
       0
       0
       0
       0
       0
       0
       0
       0
       0
       0
       0
       0
       0
       0
       0
       0
       0
       0
       0
       0
       0
       0
       0
       0
       0
       0
       0
       0
       0
       0
       0
       0
       0
       0
       0
       0
       0
       0
       0
       0
       0
       0
       0
       0
       0
       0
       0
       0
       0
       0
       0
       0
       0
       0
       0
       0
       0
       0
       0
       0
       0
       0
       0
       0
       0
       0
       0
       0
       0
       0
       0
       0
       0
       0
       0
       0
       0
       0
       0
       0
       0
       0
       0
       0
       0
       0
       0
       0
       0
       0
       0
       0
       0
       0
       0
       0
       0
       0
       0
       0
       0
       0
       0
$ROI:
5
471 536
564 647
763 844
1001 1090
1573 1669
$PRESETS:
Real Time
120
0
$ENER_FIT:
-20.212013 1.714672
$MCA_CAL:
3
-2.021201E+001 1.714672E+000 4.288640E-006 keV
$SHAPE_CAL:
3
1.158210E+001 3.853783E-002 -7.560620E-006
