$SPEC_ID:
This is spectrum 000
$SPEC_REM:
DET# 1
DETDESC# CK155-04 Easy-MCA-2k SN 12292282
AP# Maestro Version 7.01
$DATE_MEA:
02/17/2022 11:03:03
$MEAS_TIM:
119 120
$DATA:
0 2047
       0
       0
       0
       0
       0
       1
       0
       0
       0
       0
       0
       0
       2
       4
      87
      96
     102
     103
      97
     113
     108
     109
     106
     103
     107
     125
     112
     136
     152
     164
     128
     173
     131
     158
     143
     160
     173
     194
     212
     205
     189
     225
     223
     252
     286
     254
     284
     290
     320
     304
     321
     312
     310
     332
     365
     325
     336
     392
     384
     357
     366
     381
     370
     407
     386
     390
     386
     390
     391
     388
     386
     394
     380
     398
     382
     370
     401
     350
     384
     404
     408
     354
     368
     401
     411
     400
     389
     370
     384
     362
     382
     367
     373
     356
     340
     314
     325
     358
     319
     323
     339
     359
     315
     312
     307
     342
     314
     336
     318
     343
     325
     349
     298
     307
     318
     281
     337
     283
     313
     278
     290
     281
     276
     280
     275
     268
     286
     288
     263
     303
     280
     284
     323
     262
     262
     263
     259
     256
     271
     287
     286
     276
     246
     275
     241
     251
     258
     261
     260
     256
     254
     224
     245
     228
     241
     250
     212
     206
     202
     218
     190
     218
     196
     173
     203
     192
     189
     190
     187
     169
     192
     156
     170
     176
     177
     197
     179
     181
     163
     171
     199
     157
     158
     155
     172
     155
     152
     162
     136
     161
     146
     145
     132
     143
     119
     144
     131
     146
     139
     150
     119
     124
     116
     120
     136
     144
     143
     122
     107
     124
     117
     111
     120
     121
     107
     123
     128
     121
     122
     127
     128
     101
     115
     111
      99
     126
     117
      97
     101
      97
     107
      93
      95
      91
     114
     128
     103
     109
      93
      72
     119
      84
      98
      83
      95
      89
      92
      97
      95
     110
     103
      87
      90
     102
      96
      89
      89
      98
     103
      97
     106
      84
      79
      79
      80
      79
     101
      84
      85
      73
      74
      85
      99
      83
     110
      77
      82
      69
      82
     100
      73
      79
      95
      87
      91
      76
      81
      76
      88
      89
      84
      74
      80
      86
      75
      83
      74
      77
      76
      84
      94
      80
      93
      95
      95
      76
      76
      74
      89
      85
      77
      77
      83
      82
      80
      69
      70
      90
      78
      75
      68
      66
      68
      92
      73
      68
      70
      85
      63
      71
      62
      64
      58
      64
      79
      59
      56
      60
      69
      68
      63
      75
      69
      71
      65
      72
      84
      68
      81
      75
      80
      81
      74
      79
      62
      66
      59
      82
      69
      84
      77
      69
      74
      61
      73
      67
      75
      74
      82
      65
      82
      66
      62
      69
      61
      51
      67
      57
      61
      61
      58
      50
      47
      54
      53
      53
      46
      57
      48
      58
      52
      49
      58
      55
      51
      29
      45
      47
      41
      45
      53
      57
      51
      42
      55
      38
      48
      32
      38
      53
      47
      33
      46
      51
      46
      59
      50
      40
      43
      46
      41
      34
      42
      33
      49
      33
      34
      45
      46
      36
      31
      46
      51
      46
      49
      51
      47
      46
      44
      46
      31
      32
      47
      40
      36
      34
      44
      36
      35
      31
      47
      32
      49
      37
      32
      46
      38
      43
      44
      31
      39
      45
      46
      32
      45
      32
      32
      40
      37
      46
      51
      31
      50
      49
      44
      53
      49
      46
      52
      66
      71
      81
      64
      98
      84
     101
      87
     100
     122
     111
     147
     137
     137
     165
     151
     139
     164
     176
     194
     207
     198
     198
     210
     198
     239
     214
     184
     211
     192
     202
     220
     164
     166
     168
     182
     161
     145
     150
     130
     114
     124
     107
     101
      76
      85
      62
      58
      70
      54
      64
      48
      45
      49
      38
      39
      32
      36
      24
      34
      30
      35
      34
      23
      37
      21
      32
      26
      28
      35
      34
      25
      26
      22
      21
      27
      19
      25
      31
      32
      23
      30
      32
      21
      24
      24
      27
      22
      28
      27
      33
      23
      40
      29
      28
      25
      31
      35
      37
      27
      41
      42
      42
      30
      43
      35
      42
      49
      61
      50
      57
      73
      60
      62
      72
      67
      88
      67
      71
      78
      75
      67
      81
      89
      78
      72
      78
      79
      66
      77
      68
      68
      64
      47
      60
      75
      56
      61
      51
      57
      42
      48
      59
      38
      41
      34
      49
      43
      43
      32
      35
      44
      27
      32
      33
      23
      21
      43
      30
      24
      25
      23
      27
      19
      33
      28
      27
      21
      25
      18
      29
      21
      21
      26
      23
      24
      16
      18
      25
      11
      30
      19
      21
      24
      19
      17
      15
      24
      21
      19
      19
      14
      16
      21
      13
      19
      16
      15
      22
      28
      26
      15
      18
      11
       8
      17
      11
      18
      17
      13
       7
      15
      19
      15
      24
      17
      17
      15
      14
      17
      14
      19
      13
       9
      14
      13
      14
      16
      11
      17
       7
       9
      16
      17
      12
      13
      16
      10
      14
      13
      11
      15
      15
       9
      13
       9
       7
       8
      11
      14
       8
      14
       8
      16
      14
      15
      11
       8
      13
      10
      13
       9
      18
      10
       6
      12
      13
      10
      11
       8
      11
      10
      12
       3
       5
      11
      11
       9
       6
       9
      10
      10
      10
      13
       9
      17
      12
      10
      13
      18
      11
      10
      18
      13
      15
      14
      14
      11
      14
      18
      24
      21
      20
      23
      31
      24
      21
      38
      29
      28
      33
      53
      43
      37
      45
      45
      55
      58
      82
      62
      61
      65
      64
      78
      65
      76
      81
      63
      77
      60
      72
      69
      78
      63
      72
      74
      76
      82
      53
      58
      46
      59
      46
      43
      49
      55
      53
      46
      39
      48
      44
      46
      32
      37
      28
      27
      25
      27
      25
      25
      28
      19
      18
      24
      19
      21
      21
      17
      19
      20
      17
      21
      18
      19
      24
      27
      17
      23
      22
      14
      18
      22
      16
      21
      24
      27
      22
      22
      21
      20
      22
      17
      18
      24
      22
      16
      18
      18
      14
      17
      12
       8
      10
      16
      11
      14
       9
       7
      10
      15
      10
      14
      13
      11
      11
       5
       6
       6
      11
       7
       3
       8
       6
       7
      10
       7
       7
       7
       8
      11
       3
       3
       5
       4
       3
       5
       7
       3
       4
      10
       5
       6
       0
       4
       3
       3
       9
       4
       6
       2
       9
       8
       7
       9
       7
       5
       5
       9
       6
       4
       2
       5
       8
       6
       6
       4
       6
       5
       5
       4
       3
       2
       4
       5
       4
       9
       4
       4
       6
       3
       2
       5
       2
       6
       6
      11
       7
       4
       4
       2
       8
      10
       4
       7
       2
       6
       4
       9
       5
       6
       6
       5
       7
       1
       9
       4
       4
       5
       3
      11
       8
       4
       6
       8
       5
       5
      13
       7
       9
       7
      12
      11
       5
       9
       9
      11
       7
       7
       7
      11
      14
      11
       6
      12
       6
       5
       7
      14
      11
       8
      15
      11
      15
       4
       9
      11
      11
      11
      12
      13
      10
       9
       7
      10
       7
       8
      16
      17
      12
       4
      13
      12
       8
       7
      10
       8
       7
       5
       8
      18
       8
      11
      13
      12
      10
       8
       9
       6
      11
       8
      12
       6
      11
       4
      13
       9
      12
      10
       5
      10
       4
       8
       6
       8
       6
       6
       5
       4
       4
       6
      10
       5
       7
       7
      11
       8
       7
       4
       8
       7
       5
       6
       8
      12
       2
       7
       2
       4
       2
       5
       6
       6
       3
       7
       4
       5
       7
       5
       8
       7
      10
       5
       8
       2
       7
       4
       4
       5
       4
       6
       9
       9
       9
       8
       2
       9
       7
      12
       4
       2
       1
       5
       5
       4
       4
       8
       5
       8
       6
       7
      10
       2
       4
       8
       9
       4
       6
       4
       6
       9
      10
       1
       9
       1
       8
       5
       6
       4
       7
       2
       6
       6
       4
       1
       6
       6
       4
       8
       7
       4
       5
       6
       3
       3
       4
       3
       4
       4
       4
       5
       4
       5
       9
       5
       2
      11
       5
       8
       2
       6
       8
       2
       8
       4
      12
      10
      10
       6
       6
       6
       3
       5
      10
       1
       7
       1
       3
       3
       7
      11
       3
       4
       1
       4
       7
       8
       6
       4
       4
       3
       4
       4
       8
       7
       6
       5
       5
       5
       3
       3
      10
       3
       2
       5
       4
       2
       9
       6
      10
       6
       4
       7
       5
       4
       4
       9
       6
      14
       6
       9
       6
       5
       5
       5
       5
       6
       7
       4
       4
       9
       5
       4
      11
       6
       8
       7
      13
      11
       9
       9
       5
       3
       3
      11
      11
       3
       5
      10
       6
       9
       7
       8
      10
       7
       7
       8
       6
       4
       8
       4
       7
      10
       9
      12
       6
       8
      12
      11
       5
      12
      13
       8
       4
      12
       7
      12
       8
       7
      11
      12
      12
      11
      10
       8
      13
       7
      18
       9
      13
      14
      12
      17
      11
       7
       8
       7
       9
       8
      15
      10
       8
      11
      12
      14
       8
      12
      11
      10
       8
      12
      14
      13
      11
       7
      14
       8
       7
      11
      13
       5
       8
      13
      15
       7
      12
       8
      10
      10
       6
      12
      14
      10
       7
       8
      10
       5
       9
       7
       8
       6
       5
       3
       5
      10
       9
       5
       8
       5
       5
       6
       6
       4
      11
       7
       8
       8
      10
       9
       3
      12
       8
       4
       4
       7
      12
       7
       9
       4
       4
      12
       7
       3
       7
       7
       9
       6
       7
       5
       6
       5
       8
       9
      10
       7
       8
       1
       8
       8
       9
       6
      10
       6
       8
      15
       8
      11
       7
       9
       6
      15
       5
       4
      11
       4
      10
       7
       5
      10
       9
       5
       6
       7
      10
       4
       2
       5
       3
      12
       7
      10
       6
       9
       7
       7
       5
       7
      10
       6
      11
       2
       4
       5
       4
       7
       6
      10
       6
       2
       3
       2
       5
       7
       2
       5
       3
      12
       6
       7
       3
       2
       4
       9
       5
       5
       6
       2
       1
       7
       2
       7
       4
       2
       6
       5
       6
       6
       3
       4
       3
       3
       3
       8
       1
       2
       5
       5
       2
       5
       4
       3
       2
       2
       4
       5
       7
       3
       7
       2
       4
       6
       2
       2
       4
       7
       3
       4
       2
       3
       2
       6
       1
       5
       4
       4
       4
       2
       6
       1
       0
       4
       3
       8
       2
       4
       2
       1
       2
       2
       4
       9
       0
       6
       7
       4
       2
       1
       2
       9
       2
       5
       2
       3
       2
       4
       2
       3
       5
       5
       7
       3
       6
       7
       4
      10
       3
       5
       7
       4
       4
      10
       3
       4
      11
       9
       6
      15
       9
       9
      16
      18
      11
      16
      11
      16
      10
       9
      15
      11
       9
      15
      13
      18
      14
      17
      23
      14
      21
      18
      18
      21
      26
      20
      25
      19
      20
      24
      13
      19
      21
      28
      20
      31
      28
      21
      27
      27
      22
      30
      28
      32
      19
      16
      17
      25
      19
      20
      10
      16
      11
      15
      16
      20
      19
      26
      17
      10
      15
      14
      15
      12
      10
      16
       5
      14
      13
       8
       6
       8
      13
       7
       9
       8
      10
       5
       1
       2
       8
       7
       6
       3
       4
       3
       4
       7
       3
       1
       2
       2
       2
       2
       2
       1
       1
       1
       1
       2
       1
       0
       3
       0
       0
       1
       0
       3
       2
       0
       2
       0
       2
       1
       0
       2
       2
       0
       2
       1
       1
       2
       0
       0
       0
       0
       0
       1
       1
       0
       0
       0
       0
       0
       1
       2
       0
       2
       0
       0
       0
       1
       2
       0
       1
       0
       0
       1
       0
       0
       0
       2
       0
       1
       2
       1
       0
       1
       0
       0
       0
       1
       0
       1
       0
       1
       0
       1
       1
       1
       1
       0
       1
       1
       1
       1
       1
       4
       0
       1
       0
       1
       1
       2
       1
       3
       1
       1
       2
       1
       0
       0
       0
       0
       0
       1
       2
       3
       1
       0
       2
       1
       2
       0
       0
       0
       1
       1
       1
       3
       1
       2
       2
       1
       0
       0
       1
       0
       0
       0
       1
       1
       1
       1
       2
       0
       0
       0
       2
       0
       0
       0
       0
       0
       1
       1
       1
       1
       0
       0
       0
       0
       1
       2
       0
       1
       1
       0
       0
       0
       0
       0
       0
       1
       1
       0
       1
       0
       0
       1
       1
       1
       0
       1
       0
       1
       0
       0
       0
       0
       1
       0
       2
       2
       0
       0
       1
       0
       0
       1
       1
       0
       1
       1
       1
       0
       0
       0
       0
       0
       1
       1
       0
       0
       2
       1
       1
       0
       0
       0
       0
       0
       0
       1
       0
       0
       0
       2
       2
       0
       0
       2
       1
       0
       0
       1
       0
       0
       0
       0
       0
       0
       0
       0
       1
       1
       0
       1
       0
       0
       0
       0
       0
       1
       1
       0
       0
       2
       2
       1
       2
       0
       1
       0
       0
       2
       2
       1
       0
       1
       0
       0
       0
       0
       0
       0
       0
       0
       0
       0
       0
       0
       0
       0
       0
       0
       0
       0
       0
       0
       0
       0
       0
       0
       0
       0
       0
       0
       0
       0
       0
       0
       0
       0
       0
       0
       0
       0
       0
       0
       0
       0
       0
       0
       0
       0
       0
       0
       0
       0
       0
       0
       0
       0
       0
       0
       0
       0
       0
       0
       0
       0
       0
       0
       0
       0
       0
       0
       0
       0
       0
       0
       0
       0
       0
       0
       0
       0
       0
       0
       0
       0
       0
       0
       0
       0
       0
       0
       0
       0
       0
       0
       0
       0
       0
       0
       0
       0
       0
       0
       0
       0
       0
       0
       0
       0
       0
       0
       0
       0
       0
       0
       0
$ROI:
7
471 536
564 647
763 844
1001 1090
1092 1092
1583 1659
1665 1665
$PRESETS:
Real Time
120
0
$ENER_FIT:
-20.212013 1.714672
$MCA_CAL:
3
-2.021201E+001 1.714672E+000 4.288640E-006 keV
$SHAPE_CAL:
3
1.158210E+001 3.853783E-002 -7.560620E-006
