$SPEC_ID:
This is spectrum 010
$SPEC_REM:
DET# 1
DETDESC# CK155-04 Easy-MCA-2k SN 12292282
AP# Maestro Version 7.01
$DATE_MEA:
02/17/2022 11:23:13
$MEAS_TIM:
119 120
$DATA:
0 2047
       0
       0
       0
       0
       0
       0
       0
       0
       0
       0
       0
       1
       1
       4
      59
      72
      71
      69
      79
      92
      80
      83
     108
     114
      87
     100
      86
      94
      98
     104
      99
      90
     119
     131
     127
     117
     142
     108
     139
     159
     174
     175
     180
     187
     204
     238
     224
     217
     238
     283
     225
     282
     268
     295
     290
     307
     319
     294
     318
     314
     317
     339
     306
     330
     360
     320
     362
     349
     351
     335
     338
     338
     359
     347
     339
     353
     329
     353
     331
     352
     305
     313
     331
     339
     368
     313
     286
     303
     324
     300
     304
     332
     293
     309
     298
     317
     312
     298
     287
     242
     280
     296
     243
     243
     296
     262
     272
     264
     252
     226
     276
     258
     234
     235
     235
     244
     224
     236
     278
     241
     258
     225
     195
     225
     223
     191
     209
     259
     209
     226
     225
     208
     211
     204
     212
     208
     226
     204
     185
     172
     190
     187
     200
     198
     213
     196
     199
     218
     188
     189
     216
     161
     187
     173
     182
     175
     171
     167
     165
     134
     144
     155
     158
     152
     125
     144
     127
     141
     174
     147
     134
     157
     139
     135
     147
     136
     140
     123
     112
     123
     125
     123
     120
     136
     141
     117
     108
     102
     101
     126
     120
     131
     118
     104
     105
     128
     103
     107
      93
     108
     115
      99
     108
     118
      93
      88
     107
     117
      90
      86
      98
      82
      95
      96
      99
      95
      83
      85
      86
      78
      78
      91
      92
      98
      73
      92
      66
      85
      77
      71
      75
      72
      66
      77
      67
     101
      93
      71
      61
      63
      50
      69
      52
      62
      77
      66
      65
      74
      60
      56
      72
      64
      68
      73
      64
      57
      51
      56
      63
      54
      46
      65
      66
      64
      67
      52
      61
      52
      58
      58
      51
      59
      62
      49
      66
      67
      54
      72
      60
      49
      53
      66
      45
      54
      56
      57
      56
      57
      52
      46
      48
      57
      47
      67
      60
      59
      43
      58
      38
      56
      47
      62
      62
      57
      54
      63
      56
      49
      66
      68
      67
      43
      58
      46
      47
      52
      61
      56
      59
      50
      62
      45
      60
      52
      44
      44
      48
      50
      35
      50
      43
      46
      38
      47
      42
      43
      50
      51
      45
      51
      47
      42
      46
      45
      47
      47
      43
      63
      48
      57
      40
      53
      45
      49
      50
      32
      46
      43
      46
      35
      48
      48
      40
      63
      43
      37
      41
      48
      52
      43
      36
      45
      39
      30
      33
      40
      34
      46
      42
      29
      34
      31
      32
      40
      41
      27
      29
      36
      34
      30
      40
      38
      39
      45
      32
      33
      39
      28
      28
      25
      18
      23
      36
      29
      26
      31
      33
      30
      35
      35
      23
      27
      32
      31
      21
      33
      29
      19
      24
      27
      28
      33
      36
      34
      30
      24
      25
      36
      49
      30
      32
      26
      27
      31
      26
      24
      36
      32
      28
      25
      35
      20
      25
      26
      34
      37
      37
      21
      27
      37
      24
      21
      28
      31
      20
      29
      31
      35
      30
      38
      32
      34
      33
      29
      25
      20
      22
      32
      20
      28
      27
      30
      35
      32
      22
      27
      30
      32
      33
      34
      29
      36
      36
      34
      35
      45
      29
      45
      45
      60
      47
      61
      45
      51
      59
      57
      62
      51
      51
      74
      65
      60
      75
      54
      70
      60
      68
      59
      64
      75
      59
      46
      53
      51
      53
      50
      37
      48
      46
      37
      40
      40
      38
      41
      44
      34
      24
      23
      31
      25
      33
      35
      35
      34
      22
      23
      23
      34
      31
      29
      21
      24
      29
      27
      24
      24
      22
      20
      32
      27
      25
      32
      23
      30
      22
      21
      34
      19
      23
      16
      28
      35
      32
      25
      28
      18
      25
      21
      16
      28
      26
      23
      20
      27
      11
      28
      22
      22
      27
      18
      33
      29
      27
      35
      26
      25
      34
      22
      24
      26
      31
      33
      37
      35
      33
      37
      39
      43
      38
      35
      34
      47
      26
      40
      29
      37
      47
      25
      33
      35
      26
      27
      31
      24
      39
      26
      24
      22
      32
      35
      32
      23
      26
      21
      18
      37
      23
      28
      28
      23
      18
      14
      15
      17
      22
      14
      28
      24
      27
      26
      14
      17
      24
      27
      23
      22
      24
      21
      29
      16
      14
      17
      17
      19
      21
      21
      31
      14
      20
      15
      27
      17
      24
      26
      17
      23
      17
      17
      17
      14
      16
      27
      19
      21
      14
      18
      16
      18
      19
      21
      14
      15
      20
       8
      16
      19
      22
      16
      18
      11
       9
      12
      14
      15
      18
      14
      19
       9
      19
       9
      11
      15
       9
      12
       9
      13
       9
       7
      17
      10
      20
      11
      15
       5
      14
      14
       8
       9
       9
       8
      14
      10
      16
       9
      13
       5
      17
      12
      10
       5
       7
       6
       8
      14
       9
       9
      11
      13
       9
      10
       9
      13
       7
      11
       8
       3
       8
      16
       5
      14
      15
       8
       9
      13
      12
       6
       6
       7
       6
       8
      17
      12
       8
      12
       4
      11
       9
       8
      18
      19
      12
      18
      10
      10
      16
      22
      26
      23
      23
      31
      21
      32
      26
      27
      21
      17
      27
      33
      41
      35
      39
      41
      51
      51
      51
      49
      52
      68
      49
      65
      62
      50
      63
      59
      69
      64
      54
      72
      76
      67
      68
      70
      66
      59
      61
      67
      62
      60
      54
      62
      50
      47
      63
      42
      57
      45
      45
      33
      40
      33
      35
      37
      36
      38
      30
      26
      30
      30
      28
      34
      16
      18
      19
      21
      28
      22
      15
      18
      19
      22
      14
      21
      16
      13
      21
      18
      23
      17
      14
      28
      25
      18
      19
      21
      16
      17
      25
      28
      21
       8
       9
      20
      20
      17
      20
      16
      19
      10
      16
      19
      14
      14
      13
       8
       9
       8
       8
      10
       5
       9
      13
       6
       6
      11
       6
       7
       9
       8
       3
       6
       6
       3
       5
       5
       5
      12
       6
       6
       3
       5
       5
       9
       7
       4
       8
       2
       8
       3
       7
       7
       8
      11
       5
       6
       5
       3
       4
       7
       7
       4
       8
       7
       4
       7
       9
       6
       9
       6
       8
       5
       2
       2
       4
      10
       3
       4
       0
       7
       7
       7
       4
      10
       6
       7
       8
       4
       5
       5
       5
       3
       6
       3
      10
       7
       8
       3
       5
       7
       2
       2
       6
       7
       4
       5
       6
       7
       1
       8
       4
       3
       4
       3
       2
       8
       6
       7
       8
       9
       3
      13
       6
       6
       5
       4
       6
       7
       5
       7
       8
       6
       6
       6
       5
       8
      10
       6
       6
       7
       7
       8
       6
       4
       9
      13
       3
       3
       9
      14
      13
       7
       6
       9
       8
       5
      12
      14
       8
       9
       9
       8
       8
       6
      10
       5
      12
       5
      11
      13
       7
       6
       6
       8
       6
       8
       3
      10
       5
       5
      11
       5
       6
       2
      10
      10
       8
       5
       8
       5
       4
       9
       5
       6
       6
       7
       8
       3
       4
      10
      10
       6
       2
       4
       5
      10
       4
       3
       8
       9
       1
       4
       7
       5
       8
       6
       9
       2
       2
       4
       1
       7
       5
       3
       6
       6
       4
       6
       9
      10
       5
       5
       5
       4
       6
       2
       4
       3
       8
       9
       4
       6
       5
      12
       3
       4
      12
       6
       6
       3
       4
       9
       8
       4
       4
       4
       6
       7
       2
      12
       5
       4
       8
       7
       4
       7
       8
       6
       5
       7
       2
       9
       4
       5
       5
       6
       8
       3
       3
       7
       8
       8
       7
       3
       9
       5
       1
       8
       7
       6
       5
       6
       2
       9
       5
      10
       3
       8
       7
      10
       3
       6
       5
       3
       5
       4
       5
       6
       5
       6
       7
       3
       8
       5
       7
       3
       9
       6
       6
       6
       6
       5
       7
       5
       2
      12
       7
       4
       2
       1
       5
       6
       5
       4
       6
       3
       3
       4
       3
       4
       5
       3
       5
       7
       3
       7
       4
       5
       6
       4
       4
       6
       2
       4
       6
       5
       8
       3
       5
       4
       5
       4
       5
       9
       4
       9
       7
       9
       7
       7
       5
       6
       9
       5
       8
       5
       6
       7
       8
       2
       8
       9
       4
       4
       9
       5
      10
       6
      12
       4
       7
       7
       3
       7
       4
       4
       7
       6
       2
       4
       4
       4
       8
       3
      11
       5
       7
       5
       6
       4
       5
       6
       8
       3
       4
       4
      10
       8
      10
       6
       8
      10
       3
       7
       4
      12
       7
       7
      14
      11
      12
       5
      11
      11
       4
       5
      14
      13
      14
       7
      10
      22
      13
      12
      11
       6
       8
      12
      13
      10
      16
      11
      13
      11
      12
       8
       8
      11
      12
      15
      16
       9
      14
      12
      14
      13
      15
       9
      15
      15
       9
      12
       9
       9
      15
       9
       9
      11
       5
       7
       9
      12
      13
       4
      10
      14
       9
      11
       9
       8
      10
      11
       7
       8
      10
       8
      11
       5
       5
      11
       6
       8
       9
      10
       8
       8
       8
       6
       8
       5
       3
       6
       5
       8
       5
      11
       8
      11
       9
       2
       7
       4
      12
       5
      10
       5
       6
       9
       7
      12
       7
       5
       6
       8
       6
       7
       7
       6
       8
       9
      10
       3
       6
       9
      10
       5
      12
      10
       6
      11
       9
       6
       8
       7
      12
       6
       3
       3
       7
       7
       9
       5
       8
      13
       8
       5
       7
       6
       5
      11
      10
       4
       6
      11
      12
       7
       3
      12
       4
      13
       9
       7
       9
       3
       6
       4
       6
       8
       5
       3
       4
       7
       6
      12
       6
       7
       7
       9
       2
       8
       4
       5
       4
       4
       2
       6
       7
       4
       8
       7
       4
       5
       1
       6
       7
       4
       5
       4
       5
       4
       5
       8
       1
       1
       0
       6
       2
       3
       1
       3
       5
       3
       5
       1
       7
       3
       2
       5
       6
       6
       8
       1
       4
       3
       4
       3
       3
       4
       3
       1
       3
       1
       4
       2
       2
       3
       4
      10
       7
       8
       6
       3
       7
       3
       4
       4
       2
       3
       5
       3
       3
       2
       6
       2
       4
       8
       4
       3
       5
       2
       5
       6
       5
       2
       4
       3
       0
       7
       4
       6
       2
       9
       4
       5
       5
       8
       6
       6
       6
       5
       5
       2
       8
       5
       8
       5
       8
       2
       7
       8
      10
       3
       4
      14
       3
       7
      10
       8
      19
       6
      12
      12
       7
      16
      14
      11
      13
      11
      14
      13
      13
      15
      15
      29
      20
      10
      19
      15
      20
      21
      19
      27
      22
      19
      21
      22
      29
      20
      18
      31
      21
      31
      25
      22
      18
      22
      27
      16
      23
      20
      15
      23
      27
      17
      24
      22
      22
      20
      18
      22
      22
      17
      21
      18
      12
      10
      19
      18
       9
      10
      17
      10
      11
      13
      15
       9
       9
       8
       8
       3
       2
      13
       7
       6
       3
       5
      13
       9
       8
       6
       3
       9
       0
       7
       1
       6
       3
       2
       4
       1
       1
       4
       3
       2
       1
       3
       0
       2
       2
       3
       1
       0
       2
       0
       1
       0
       0
       1
       0
       1
       0
       4
       2
       1
       1
       1
       1
       0
       1
       1
       0
       1
       0
       2
       0
       0
       0
       1
       0
       2
       0
       0
       0
       0
       0
       0
       1
       2
       1
       1
       0
       0
       2
       0
       1
       1
       0
       1
       0
       1
       1
       0
       2
       2
       1
       0
       0
       0
       0
       0
       1
       1
       0
       1
       0
       1
       1
       1
       1
       0
       0
       1
       1
       1
       2
       0
       0
       1
       2
       0
       0
       0
       3
       2
       2
       0
       1
       0
       1
       1
       0
       1
       0
       0
       1
       0
       1
       0
       0
       0
       1
       2
       0
       0
       2
       1
       0
       1
       0
       1
       1
       0
       0
       2
       1
       0
       1
       0
       1
       1
       0
       0
       0
       1
       1
       0
       1
       0
       0
       0
       0
       0
       0
       1
       1
       0
       1
       0
       1
       0
       0
       0
       1
       1
       0
       1
       0
       0
       0
       1
       0
       1
       0
       1
       0
       0
       0
       1
       1
       0
       0
       0
       0
       2
       0
       1
       0
       1
       0
       1
       0
       0
       0
       2
       0
       1
       0
       0
       0
       0
       1
       0
       0
       0
       0
       4
       1
       1
       0
       1
       0
       0
       0
       0
       0
       0
       1
       0
       0
       1
       0
       0
       0
       1
       1
       0
       1
       1
       0
       0
       0
       0
       1
       0
       0
       0
       0
       2
       1
       0
       0
       0
       0
       1
       0
       0
       0
       0
       0
       0
       0
       0
       0
       0
       0
       0
       0
       0
       0
       0
       0
       0
       1
       0
       0
       0
       0
       0
       0
       0
       0
       0
       0
       0
       0
       0
       0
       0
       0
       0
       0
       0
       0
       0
       0
       0
       0
       0
       0
       0
       0
       0
       0
       0
       0
       0
       0
       0
       0
       0
       0
       0
       0
       0
       0
       0
       0
       0
       0
       0
       0
       0
       0
       0
       0
       0
       0
       0
       0
       0
       0
       0
       0
       0
       0
       0
       0
       0
       0
       0
       0
       0
       0
       0
       0
       0
       0
       0
       0
       0
       0
       0
       0
       0
       0
       0
       0
       0
       0
       0
       0
       0
       0
       0
       0
       0
       0
       0
       0
       0
       0
       0
       0
       0
       0
       0
       0
       0
       0
       0
       0
       0
       0
       0
       0
       0
       0
       0
       0
       0
$ROI:
5
471 536
564 647
763 844
1001 1090
1573 1669
$PRESETS:
Real Time
120
0
$ENER_FIT:
-20.212013 1.714672
$MCA_CAL:
3
-2.021201E+001 1.714672E+000 4.288640E-006 keV
$SHAPE_CAL:
3
1.158210E+001 3.853783E-002 -7.560620E-006
