$SPEC_ID:
This is spectrum 004
$SPEC_REM:
DET# 1
DETDESC# CK155-04 Easy-MCA-2k SN 12292282
AP# Maestro Version 7.01
$DATE_MEA:
02/17/2022 11:11:07
$MEAS_TIM:
119 120
$DATA:
0 2047
       0
       0
       0
       0
       0
       0
       0
       0
       0
       1
       0
       0
       0
       1
      71
      75
      90
      83
      92
      98
      93
     108
     111
     113
     108
      84
     116
     116
     128
     104
     110
     117
     117
     120
     139
     142
     155
     159
     167
     196
     202
     198
     188
     180
     227
     253
     230
     238
     261
     260
     274
     268
     271
     316
     315
     318
     301
     327
     347
     336
     363
     351
     340
     356
     339
     347
     337
     349
     390
     335
     406
     353
     351
     367
     354
     375
     306
     383
     362
     369
     356
     362
     354
     375
     338
     346
     357
     347
     358
     348
     350
     351
     335
     322
     301
     334
     314
     302
     297
     293
     345
     281
     290
     328
     293
     317
     279
     318
     289
     305
     239
     300
     256
     259
     242
     269
     239
     273
     277
     265
     274
     245
     246
     268
     265
     244
     292
     276
     221
     264
     258
     215
     269
     242
     225
     225
     230
     198
     204
     233
     249
     218
     214
     240
     234
     227
     254
     240
     224
     211
     201
     213
     191
     192
     177
     196
     193
     182
     171
     192
     190
     161
     166
     178
     184
     182
     184
     170
     154
     156
     162
     156
     167
     147
     164
     122
     160
     147
     155
     146
     121
     138
     138
     139
     140
     130
     144
     121
     116
     135
     111
     109
     129
     126
     123
      93
     118
     124
     105
      98
     130
     111
     122
     122
     124
     105
     112
      98
     123
     112
     106
     112
     109
      94
     113
      91
     139
      96
      99
     102
     103
     112
      83
     108
      98
      80
     101
      92
      78
      99
     106
      89
      82
      73
      97
      89
      84
      79
      70
      80
      87
      86
      72
      73
      82
      68
      89
      80
      62
      65
      77
      79
      79
      78
      76
      67
      75
      88
      81
      87
      79
      74
      85
      67
      73
      64
      68
      69
      62
      96
      60
      61
      77
      66
      56
      66
      65
      59
      64
      64
      74
      55
      60
      78
      78
      68
      58
      70
      56
      62
      53
      74
      63
      68
      65
      71
      57
      72
      66
      72
      69
      81
      55
      63
      65
      64
      80
      84
      67
      53
      69
      68
      64
      78
      64
      64
      65
      60
      60
      65
      62
      71
      70
      58
      75
      55
      58
      53
      67
      67
      62
      55
      41
      55
      49
      51
      56
      62
      77
      61
      59
      44
      58
      49
      42
      54
      57
      57
      62
      52
      62
      55
      48
      52
      65
      51
      51
      49
      53
      54
      55
      71
      57
      68
      58
      64
      41
      47
      52
      62
      43
      51
      40
      56
      53
      50
      47
      47
      48
      36
      42
      57
      30
      48
      39
      49
      41
      44
      39
      39
      32
      43
      38
      27
      33
      27
      35
      44
      42
      33
      37
      33
      35
      37
      29
      33
      33
      44
      35
      42
      33
      35
      38
      35
      40
      43
      23
      29
      39
      38
      27
      33
      35
      34
      40
      40
      33
      38
      39
      40
      42
      32
      29
      31
      36
      30
      37
      41
      38
      48
      29
      38
      39
      21
      33
      30
      33
      38
      29
      25
      33
      28
      36
      27
      30
      26
      38
      35
      40
      28
      28
      32
      38
      27
      42
      30
      33
      42
      28
      36
      31
      39
      24
      37
      45
      27
      43
      44
      38
      48
      56
      62
      53
      42
      75
      61
      60
      68
      73
      72
      72
      82
      78
     113
     111
     121
     121
     113
     109
     122
     142
     136
     117
     128
     115
     130
     131
     119
     113
     112
     113
     108
     110
     124
     100
      85
      97
      88
      86
      79
      77
      63
      71
      47
      51
      50
      55
      41
      52
      34
      32
      30
      35
      30
      26
      34
      20
      19
      27
      32
      31
      21
      26
      28
      27
      15
      33
      27
      31
      32
      28
      22
      22
      31
      22
      22
      28
      20
      19
      26
      16
      26
      20
      28
      25
      31
      31
      21
      27
      29
      27
      25
      27
      23
      26
      25
      32
      29
      24
      36
      26
      39
      42
      32
      38
      34
      34
      47
      42
      34
      55
      36
      46
      49
      44
      50
      53
      51
      61
      37
      64
      45
      47
      44
      53
      49
      48
      57
      52
      32
      70
      45
      40
      47
      39
      45
      36
      39
      39
      46
      44
      29
      33
      27
      14
      28
      26
      30
      26
      26
      41
      34
      31
      25
      24
      27
      22
      23
      21
      26
      24
      25
      22
      24
      24
      19
      28
      26
      24
      20
      27
      28
      28
      32
      15
      15
      19
      16
      17
      19
      22
      18
      33
      29
      18
      20
      24
      30
      17
      17
      17
      19
      19
      30
      19
      15
      17
      18
      20
      16
      13
      14
      15
      14
      17
      23
      13
      18
      18
      15
      12
      19
       8
      15
      13
      19
      11
       9
      17
      21
      14
      17
      18
      19
      11
      15
      12
      11
      18
      11
      13
      14
      18
      17
      12
       8
       8
      11
      10
      13
      11
      13
      16
      16
       6
       9
       9
      15
      15
      11
       6
      12
      12
      14
       5
       8
      12
      15
      10
      10
      10
      12
       4
      15
      10
      12
      11
      13
       6
      11
       7
       9
       8
       8
      10
      11
      11
       9
       8
      10
      14
       7
      12
      12
      14
       8
      11
      10
      12
      16
      13
      14
      18
      15
      16
      14
      20
       9
      20
      14
      30
      25
      30
      28
      35
      26
      37
      39
      43
      31
      36
      43
      42
      37
      46
      55
      69
      38
      44
      53
      74
      49
      66
      68
      80
      68
      73
      65
      57
      63
      75
      78
      66
      65
      77
      50
      65
      70
      65
      62
      61
      62
      56
      51
      55
      41
      51
      49
      37
      33
      35
      35
      30
      30
      24
      35
      29
      27
      19
      25
      27
      30
      26
      25
      19
      20
      16
      22
      25
      17
      28
      25
      19
      21
      17
      17
      16
      24
      17
      19
      22
       8
      25
      21
      31
      12
      16
      15
      14
      23
      21
      12
      19
      19
      20
      17
      15
      14
      12
      16
      17
      10
      10
      16
       8
       4
      13
       8
      12
      12
      11
      10
      10
       8
      12
      13
       3
       2
       9
      10
       9
       5
       5
      10
       7
       7
       2
       6
       4
       8
       3
       8
       3
       5
       8
       4
       3
       7
       4
       7
       7
       7
       3
       4
       2
       4
       3
       5
       3
       5
       4
       3
       9
       7
       3
       5
       6
       6
       6
       8
       7
       5
       3
       6
       5
       6
       6
       3
       3
       2
       8
       7
       8
       4
       3
       3
       7
       3
       4
       3
       4
       5
       4
       9
       8
       3
       5
      10
       3
       2
       5
       3
       6
       5
       6
       2
       8
       5
       3
       4
      11
       9
       8
      12
       7
       5
       3
       9
       4
       7
       6
       2
       8
       9
       5
       7
       7
       6
       7
       8
       6
       4
       4
       7
      13
      10
       4
       6
       3
       7
       7
       5
       8
       9
       8
      10
      11
      12
      10
      12
      12
       9
       5
       9
       2
       9
       9
       8
       8
       9
      10
       7
       6
       6
       8
       9
       8
      11
       6
       5
      12
       6
       8
      11
       6
       6
       7
      11
       4
       8
       3
       7
       8
       8
       3
       9
       8
       5
       5
       8
       7
       3
       4
       8
      10
       7
      12
       5
       2
       5
       4
      12
       6
       5
       8
       8
       4
       4
       7
       1
       8
       8
       3
       3
       7
       2
       7
       6
       5
       7
       4
       8
       5
       6
       4
       8
       5
       5
       4
      12
       5
       4
       7
       6
       6
       4
       1
       7
      14
       3
       6
       8
       3
       4
       5
       3
       6
       7
       4
       8
       4
       8
       5
       6
       8
      13
       2
       7
       4
       3
       5
       4
       3
       5
       7
       3
       6
       8
       7
       7
       7
       3
       3
       7
       3
       8
       1
       2
       8
       4
       4
       4
       4
       4
       7
       4
       8
       3
       2
       3
       5
       6
       6
       6
       1
       8
       7
       3
       2
       8
       8
       6
       5
       4
       5
       7
       7
       4
       5
       6
       9
       3
       5
       3
       8
       7
       6
       4
       6
       6
       8
       8
       7
      13
       6
       6
       3
       8
       6
       3
       6
       5
       4
       7
       7
       4
       6
       8
       3
       5
       8
       5
       3
       1
       6
       8
       5
       3
       6
       6
       6
       7
       5
       4
       4
       6
       7
       9
       3
       3
       4
       4
       3
       4
       6
       5
       2
      10
       4
       2
       0
       4
      10
       7
       2
       9
      11
       7
       6
       8
      11
       6
       6
       7
       7
       5
       3
       3
       4
       4
       5
       3
       2
       6
       6
       4
       5
       3
       5
       2
       7
       5
       4
      11
       8
       6
       8
      10
       2
       5
       4
       5
       5
      12
       3
       5
       6
       9
       7
       2
       5
       8
       3
       5
      13
      11
      11
       4
      11
       7
      10
       6
      11
       7
      11
      14
      15
       8
      15
      11
      17
      13
      11
      17
       9
      16
       7
      18
      15
      16
      16
      10
       8
       9
      10
      14
       3
       6
       9
      12
      10
       9
      15
      16
      12
      12
       9
      17
      13
      13
      10
      11
      14
      13
      11
       9
      11
      12
      15
      12
      11
      10
       8
      14
       6
      11
      11
       3
      10
       7
       8
       7
       4
      10
       4
      10
       7
       4
       7
       5
      11
       9
       8
       7
       7
       2
       6
       8
       9
       8
       4
       2
       6
       6
      12
       7
       9
      11
      12
       6
       8
       4
       7
      10
       7
       7
       6
       3
      12
       5
       8
       5
       8
      11
       9
       7
       6
       9
       4
       9
       9
       9
       5
       6
       6
       6
      10
       7
      11
       4
       5
       4
       7
       6
       2
       8
       9
      10
       6
       8
       8
      12
       8
       5
       5
       4
       6
      11
       5
       7
       8
       9
       7
       6
       7
       4
       8
      10
       8
       7
       3
       3
       5
       9
       3
      10
      11
       5
       3
       5
       7
       7
       7
       9
       3
       3
       6
       6
       9
       1
       4
       6
       7
       9
       5
       4
       6
       4
       7
       4
       6
       2
      10
       4
       8
       7
       2
       4
       4
       5
       4
       8
       7
       2
       4
       4
       5
       4
      11
       2
       3
       5
       6
       3
       2
       3
       6
       4
       2
       2
       3
       7
       2
       5
       7
       3
       3
       4
       3
       1
       5
       6
       4
       4
       3
       4
       4
       4
       4
       2
       4
       3
       2
       0
       4
       4
       6
       6
       4
       4
       4
       1
       7
       3
       6
       7
       3
       4
       3
       3
       1
       1
       2
       2
       4
       0
       1
       4
       1
       7
       4
       4
       2
       2
       1
       3
       5
       5
       5
       9
       5
       1
       3
      11
       7
       2
       9
       8
       8
       8
       4
      10
       7
       8
       8
      10
       8
      19
      13
      11
      21
      13
       9
      11
      19
      15
      15
      12
      19
      12
      17
      17
      24
      11
      13
      17
      26
      15
      20
      17
      21
      21
      33
      13
      24
      23
      27
      25
      19
      29
      25
      27
      26
      32
      32
      18
      21
      25
      18
      24
      17
      19
      19
      16
      13
      24
      20
      23
      20
      22
      18
      18
      20
      13
      22
      13
      14
      13
      20
       7
      13
      10
      14
      11
       8
       5
      13
      11
       6
       5
       8
       6
       5
       7
       8
       5
       4
       4
       5
       3
       1
       2
       3
       5
       3
       2
       2
       3
       2
       2
       3
       1
       2
       1
       0
       1
       1
       0
       1
       0
       1
       2
       4
       2
       1
       2
       2
       0
       0
       2
       1
       1
       1
       0
       1
       2
       3
       0
       0
       1
       0
       1
       0
       0
       1
       0
       1
       2
       0
       0
       0
       1
       0
       0
       2
       0
       1
       1
       1
       2
       1
       0
       0
       1
       0
       0
       1
       0
       1
       1
       1
       1
       1
       1
       1
       1
       1
       1
       2
       2
       1
       0
       0
       1
       1
       0
       0
       2
       0
       0
       1
       1
       0
       1
       1
       0
       0
       0
       1
       1
       0
       0
       1
       0
       1
       0
       0
       1
       0
       1
       0
       0
       1
       0
       0
       1
       0
       0
       1
       0
       1
       0
       2
       0
       0
       2
       1
       0
       1
       1
       1
       0
       1
       1
       0
       0
       0
       0
       2
       1
       1
       0
       1
       2
       0
       0
       0
       1
       1
       1
       0
       0
       2
       3
       0
       0
       0
       1
       2
       1
       1
       1
       0
       1
       0
       0
       0
       2
       0
       0
       0
       2
       0
       1
       0
       2
       1
       0
       1
       1
       1
       1
       1
       1
       0
       2
       0
       1
       0
       0
       1
       1
       1
       0
       1
       2
       1
       0
       0
       1
       1
       0
       0
       0
       1
       0
       1
       0
       1
       0
       0
       0
       1
       0
       0
       0
       0
       1
       0
       1
       0
       0
       0
       1
       1
       0
       0
       0
       2
       0
       0
       1
       0
       0
       0
       1
       0
       1
       0
       0
       3
       0
       2
       0
       0
       2
       1
       0
       1
       0
       0
       1
       0
       1
       3
       0
       2
       1
       2
       0
       0
       0
       0
       0
       2
       0
       0
       0
       0
       0
       0
       0
       0
       0
       0
       0
       0
       0
       0
       0
       0
       0
       0
       0
       0
       0
       0
       0
       0
       0
       0
       0
       0
       0
       0
       0
       0
       0
       0
       0
       0
       0
       0
       0
       0
       0
       0
       0
       0
       0
       0
       0
       0
       0
       0
       0
       0
       0
       0
       0
       0
       0
       0
       0
       0
       0
       0
       0
       0
       0
       0
       0
       0
       0
       0
       0
       0
       0
       0
       0
       0
       0
       0
       0
       0
       0
       0
       0
       0
       0
       0
       0
       0
       0
       0
       0
       0
       0
       0
       0
       0
       0
       0
       0
       0
       0
       0
       0
       0
       0
       0
       0
       0
       0
       0
       0
       0
       0
$ROI:
5
471 536
564 647
763 844
1001 1090
1573 1669
$PRESETS:
Real Time
120
0
$ENER_FIT:
-20.212013 1.714672
$MCA_CAL:
3
-2.021201E+001 1.714672E+000 4.288640E-006 keV
$SHAPE_CAL:
3
1.158210E+001 3.853783E-002 -7.560620E-006
