$SPEC_ID:
No sample description was entered.
$SPEC_REM:
DET# 1
DETDESC# CK155-12 Easy-MCA-2k SN 11080666
AP# Maestro Version 7.01
$DATE_MEA:
03/17/2022 14:28:52
$MEAS_TIM:
300 300
$DATA:
0 2047
       0
       0
       8
      12
       5
       7
      13
      32
      70
     108
     160
      99
      94
      95
      90
     108
     102
      79
      90
     111
     112
     101
      97
      89
     104
     120
     110
     126
     116
      93
     146
     124
     123
     123
     136
     132
     131
     125
     163
     138
     144
     134
     156
     152
     163
     131
     176
     180
     193
     175
     192
     192
     191
     224
     218
     224
     239
     254
     294
     244
     286
     314
     320
     324
     341
     379
     361
     368
     364
     422
     432
     418
     425
     470
     466
     466
     484
     470
     485
     511
     540
     527
     552
     530
     546
     598
     530
     613
     558
     568
     579
     614
     578
     616
     598
     525
     624
     599
     631
     655
     603
     613
     605
     659
     631
     641
     600
     633
     611
     637
     608
     630
     588
     589
     627
     606
     621
     584
     605
     653
     614
     590
     620
     583
     617
     597
     524
     552
     564
     580
     564
     578
     581
     546
     554
     516
     533
     547
     566
     525
     535
     493
     517
     503
     543
     523
     488
     542
     476
     505
     505
     515
     500
     471
     495
     485
     470
     455
     439
     452
     439
     468
     457
     452
     456
     488
     441
     465
     418
     440
     423
     456
     414
     395
     358
     374
     387
     429
     418
     419
     390
     398
     372
     378
     345
     392
     367
     365
     364
     338
     347
     359
     358
     345
     322
     346
     373
     357
     331
     369
     346
     320
     336
     332
     329
     300
     355
     323
     317
     320
     307
     290
     312
     296
     294
     297
     288
     280
     321
     281
     295
     288
     250
     276
     274
     239
     255
     233
     267
     229
     209
     230
     261
     234
     211
     224
     214
     224
     227
     215
     234
     208
     207
     221
     219
     210
     208
     209
     214
     185
     215
     203
     222
     188
     159
     173
     196
     196
     174
     184
     173
     187
     176
     155
     163
     177
     162
     176
     168
     172
     171
     161
     154
     160
     146
     158
     154
     134
     159
     139
     135
     128
     155
     144
     132
     158
     133
     130
     164
     148
     138
     141
     136
     142
     145
     154
     148
     149
     156
     132
     127
     137
     129
     143
     129
     133
     125
     115
     137
     120
     130
     126
     142
     142
     125
     115
     122
     118
     114
     113
     110
     103
     116
     109
     108
      96
      90
      91
     110
     100
      98
      91
     102
     108
      98
      95
      89
      90
      91
      93
      93
      87
     101
      76
      90
      75
      88
      88
      96
      86
      96
      76
      91
      83
      88
      88
      86
      92
      85
      77
      84
      85
      91
      93
      97
      88
      90
      63
      78
      97
      76
      60
      83
      79
      64
      84
      80
      67
      81
      93
      74
      75
      77
      67
      62
      69
      71
      74
      67
      67
      73
      61
      69
      78
      62
      71
      74
      66
      83
      68
      81
      76
      75
      56
      71
      71
      71
      64
      75
      61
      80
      50
      57
      65
      66
      75
      64
      73
      67
      67
      64
      74
      59
      64
      66
      59
      56
      65
      73
      59
      61
      71
      71
      67
      55
      72
      65
      70
      57
      66
      64
      56
      68
      72
      73
      71
      58
      59
      62
      66
      60
      63
      57
      62
      57
      62
      47
      61
      55
      63
      63
      60
      46
      67
      61
      50
      47
      46
      50
      65
      32
      62
      48
      49
      58
      56
      43
      44
      57
      44
      51
      76
      60
      63
      63
      55
      49
      52
      62
      51
      50
      47
      62
      47
      47
      61
      60
      50
      63
      59
      58
      47
      57
      55
      63
      54
      70
      66
      67
      70
      58
      58
      54
      50
      68
      56
      54
      61
      59
      56
      70
      46
      59
      60
      55
      47
      47
      50
      47
      53
      52
      45
      63
      53
      51
      46
      40
      50
      39
      43
      44
      35
      31
      39
      43
      49
      33
      39
      33
      33
      36
      39
      44
      35
      34
      37
      29
      21
      36
      34
      34
      37
      25
      33
      35
      32
      31
      32
      34
      28
      30
      28
      29
      29
      37
      28
      27
      20
      26
      35
      25
      28
      24
      33
      26
      25
      25
      26
      29
      17
      27
      30
      37
      26
      31
      30
      33
      26
      30
      34
      34
      35
      31
      27
      33
      21
      32
      31
      30
      30
      28
      40
      30
      26
      26
      28
      21
      25
      28
      25
      33
      29
      25
      21
      39
      25
      36
      30
      28
      22
      25
      31
      22
      24
      27
      32
      26
      27
      30
      18
      29
      33
      35
      25
      31
      23
      31
      24
      21
      28
      27
      28
      19
      16
      25
      19
      26
      21
      21
      19
      27
      23
      21
      21
      24
      28
      23
      22
      28
      25
      15
      36
      17
      22
      30
      21
      22
      26
      22
      16
      30
      19
      24
      34
      23
      24
      24
      33
      30
      20
      24
      22
      26
      17
      21
      24
      27
      20
      20
      23
      19
      25
      25
      19
      18
      26
      29
      21
      19
      26
      19
      29
      21
      20
      16
      18
      28
      17
      23
      18
      21
      23
      22
      22
      34
      19
      22
      23
      17
      15
      23
      15
      18
      26
      27
      14
      25
      24
      22
      28
      21
      31
      21
      14
      32
      29
      21
      35
      27
      30
      23
      17
      21
      28
      25
      13
      19
      22
      18
      30
      25
      29
      23
      16
      13
      26
      24
      14
      30
      31
      26
      21
      26
      29
      27
      30
      37
      21
      24
      15
      22
      19
      24
      26
      23
      27
      28
      23
      27
      29
      21
      26
      18
      20
      26
      23
      16
      25
      18
      23
      16
      20
      23
      24
      15
      28
      30
      20
      22
      23
      24
      26
      20
      24
      27
      20
      25
      14
      20
      18
      20
      21
      27
      25
      19
      20
      12
      17
      16
      15
      33
      18
      14
      18
      19
      10
      28
      21
      17
      17
      24
      20
      13
      12
      14
      15
      18
      17
      21
      22
      13
      16
      17
      14
      13
      13
      22
      12
      21
       9
      20
      23
      12
      11
      22
      12
      20
      16
      14
      16
      12
       7
      18
      19
      12
      13
      17
      15
      18
      14
      18
      25
      14
      16
      16
      14
      11
      18
      12
      14
      22
      16
       9
      20
      15
      23
      19
      13
      23
      11
      13
      12
      19
      16
      13
      13
      12
      20
      12
      13
      19
      17
       9
      14
      18
      13
      14
      19
      17
      13
      18
      13
      16
      14
      17
      14
      17
      12
      16
      18
      16
      12
      19
      15
      14
       9
      12
      15
      11
      10
       9
      16
      15
      14
      21
      11
      14
      20
      12
      20
      16
      14
      14
      14
      15
      15
      13
      15
      16
       9
      16
      15
      10
      11
      17
      12
      11
      15
      16
      16
      13
       8
      16
       8
      12
       8
      17
      17
       8
       7
      10
      10
      13
      14
       8
      10
      15
      18
      11
       8
      13
      13
      12
      11
      14
      13
      15
      17
       8
      12
      10
      11
      17
      12
      12
      15
       5
       9
      13
      10
       7
      12
       7
      16
      14
       3
      20
      12
      10
      15
      11
       8
      11
      14
      17
       9
       8
       9
      17
       9
      10
      11
      15
      10
       7
       7
      10
      11
       7
      12
       8
       8
       7
       8
       9
       5
       9
      10
       5
      10
       8
       9
       9
       7
       8
       8
       9
      12
       7
       9
      15
       6
      13
       7
       6
       9
       8
       6
       6
      12
       9
       7
       8
      11
       6
       9
      10
       9
       4
       8
       8
      10
       5
       5
       7
       7
       8
       7
       5
       7
       6
       8
      10
       8
       6
       9
       5
       9
       6
       7
       8
       1
       4
       8
      10
       6
       8
       4
       9
       9
       6
       6
       7
      12
       3
      12
      13
       7
       6
       6
       5
       4
       5
      10
       8
       9
       3
       8
      10
       4
       4
       3
       3
       6
       4
       8
       6
      12
      12
       8
       9
       6
       9
       2
       6
      11
      19
       8
       8
       7
       7
       5
       9
       6
       5
      11
      10
       5
       8
       9
       9
       6
       5
       7
       9
       7
       4
      10
      11
       9
      12
       7
       8
      10
       7
      13
       7
       7
      14
       7
      16
      13
      16
      11
       8
       4
      10
      16
      14
      16
      22
      23
      12
      17
       9
      10
      12
      11
      11
      15
      21
      11
      12
      10
      21
      17
      13
      12
      21
      20
       7
      18
      18
      21
      26
      20
      21
      16
      22
      19
      25
      19
      26
      14
      18
      19
      23
      22
      21
      24
      25
      29
      18
      23
      24
      25
      32
      28
      25
      25
      22
      26
      22
      20
      16
      23
      23
      16
      28
      25
      31
      19
      26
      21
      24
      23
      20
      23
      19
      21
      28
      30
      17
      21
      21
      16
      21
      24
      17
      19
      15
      14
      12
      14
      12
      17
      17
       8
      13
      12
      13
       8
      10
      12
      12
       9
       8
      13
       9
       5
       4
       4
       7
       6
      12
       4
       6
      11
       5
       3
       5
       8
       8
       6
       8
       5
       5
       3
       9
       3
       8
       4
       8
       5
       5
       4
       4
       8
       7
       3
       1
       3
       2
       1
       6
       4
       6
       6
       2
       2
       5
       1
       4
       5
       5
       2
       2
       4
       3
       4
       7
       3
       5
       6
       3
       6
       4
       3
       4
       7
       3
       7
       3
       4
       5
       4
       4
       3
       6
       5
       4
       4
       7
       3
       5
       3
       3
       6
       4
       4
       4
       3
       5
       2
       5
       2
       5
       4
       0
       1
       1
       1
       2
       6
       6
       3
       3
       5
       2
       2
       5
       3
       1
       1
       5
       2
       4
       5
       5
       4
       2
       5
       2
       3
       7
       2
       4
       3
       7
       4
       4
       5
       1
       3
       3
       0
       3
       1
       4
       4
       8
       3
       4
       2
       5
       3
       4
       1
       6
       5
       2
       3
       5
       6
       2
       4
       1
       0
       4
       5
       3
       1
       4
       2
       2
       1
       3
       1
       4
       6
       5
       5
       8
       4
       4
       2
       4
       5
       2
       3
       2
       7
       2
       6
       2
       3
       3
       1
       2
       1
       6
       2
       1
       3
       3
       5
       4
       2
       3
       1
       5
       5
       2
       8
       4
       3
       7
       9
       2
       4
       3
       5
       5
       3
       6
       3
       4
       6
       6
       1
       6
       6
       2
       2
       4
       4
       4
       3
       8
       5
       5
       5
       3
       2
       4
       4
       5
       4
       4
       2
       6
       3
       2
       2
       5
       3
       6
       2
       3
       4
       0
       6
       2
       2
       6
       3
       6
       1
       2
       1
       3
       7
       1
       0
       3
       1
       1
       2
       1
       4
       6
       1
       2
       1
       3
       4
       2
       1
       3
       2
       1
       0
       1
       0
       3
       3
       5
       1
       1
       1
       4
       2
       1
       2
       3
       0
       1
       2
       2
       1
       5
       0
       3
       2
       1
       4
       0
       3
       1
       2
       0
       2
       1
       2
       0
       3
       1
       0
       1
       0
       0
       3
       2
       3
       3
       1
       2
       0
       1
       4
       2
       2
       0
       0
       1
       4
       1
       1
       7
       1
       3
       3
       3
       0
       2
       0
       3
       2
       3
       5
       2
       2
       3
       1
       0
       1
       3
       1
       1
       1
       0
       1
       1
       2
       1
       3
       3
       2
       2
       1
       1
       3
       2
       1
       2
       2
       2
       2
       0
       0
       4
       4
       3
       2
       1
       1
       1
       2
       2
       3
       2
       2
       0
       3
       0
       3
       2
       4
       2
       1
       5
       3
       3
       3
       4
       1
       2
       2
       2
       3
       2
       1
       0
       1
       4
       6
       1
       2
       2
       2
       1
       4
       3
       4
       0
       2
       3
       3
       2
       0
       0
       0
       1
       0
       1
       1
       2
       3
       2
       0
       0
       1
       1
       4
       3
       1
       1
       0
       2
       1
       3
       3
       1
       0
       4
       0
       2
       0
       3
       1
       3
       1
       2
       1
       3
       6
       3
       3
       6
       4
       1
       1
       3
       5
       0
       2
       2
       4
       3
       2
       4
       1
       3
       1
       2
       0
       3
       2
       2
       2
       0
       2
       2
       1
       6
       2
       1
       2
       3
       2
       0
       4
       0
       2
       4
       4
       7
       0
       1
       2
       1
       3
       4
       7
       2
       1
       2
       4
       3
       0
       3
       2
       3
       3
       4
       2
       2
       4
       3
       3
       4
       3
       1
       0
       4
       1
       3
       1
       3
       6
       3
       0
       6
       3
       3
       4
       3
       4
       1
       3
       5
       2
       3
       1
       1
       7
       2
       2
       2
       6
       0
       1
       2
       1
       2
       1
       0
       0
       3
       3
       1
       3
       1
       4
       4
       5
       3
       0
       0
       0
       0
       0
       0
       0
       0
       0
       0
       0
       0
       0
       0
       0
       0
       0
       0
       0
       0
       0
       0
       0
       0
       0
       0
       0
       0
       0
       0
       0
       0
       0
       0
       0
       0
       0
       0
       0
       0
       0
       0
       0
       0
       0
       0
       0
       0
       0
       0
       0
       0
       0
       0
       0
       0
       0
       0
       0
       0
       0
       0
       0
       0
       0
       0
       0
       0
       0
       0
       0
       0
       0
       0
       0
       0
       0
       0
       0
       0
       0
       0
       0
       0
       0
       0
       0
       0
       0
       0
       0
       0
       0
       0
       0
       0
       0
       0
       0
       0
       0
       0
       0
       0
       0
       0
       0
       0
       0
       0
       0
       0
       0
       0
       0
       0
       0
       0
       0
       0
       0
       0
       0
       0
       0
       0
       0
       0
       0
       0
       0
       0
       0
       0
       0
       0
       0
       0
       0
       0
       0
       0
       0
       0
       0
       0
       0
       0
       0
       0
       0
       0
       0
       0
       0
       0
       0
       0
       0
       0
       0
       0
       0
       0
       0
       0
       0
       0
       0
       0
       0
       0
       0
       0
       0
       0
       0
       0
       0
       0
       0
       0
       0
       0
       0
       0
       0
       0
       0
       0
       0
$ROI:
0
$PRESETS:
None
0
0
$ENER_FIT:
0.000000 1.000000
$MCA_CAL:
3
0.000000E+000 1.000000E+000 0.000000E+000 keV
$SHAPE_CAL:
3
1.000000E+000 0.000000E+000 0.000000E+000
