$SPEC_ID:
No sample description was entered.
$SPEC_REM:
DET# 1
DETDESC# CK155-12 Easy-MCA-2k SN 11080666
AP# Maestro Version 7.01
$DATE_MEA:
03/17/2022 14:22:17
$MEAS_TIM:
300 306
$DATA:
0 2047
       0
       0
       8
       6
       6
       8
      19
      51
     104
     362
    1705
    1031
    1007
     975
    1057
     987
    1047
    1082
    1096
    1125
    1127
    1237
    1217
    1246
    1336
    1386
    1490
    1734
    2172
    3434
    5668
    9024
   11858
   12957
   11500
    8692
    6274
    4682
    3746
    2884
    2218
    1819
    1427
    1289
    1334
    1263
    1300
    1275
    1316
    1329
    1366
    1359
    1336
    1442
    1334
    1321
    1430
    1429
    1465
    1430
    1447
    1457
    1505
    1567
    1475
    1551
    1610
    1568
    1646
    1628
    1611
    1601
    1658
    1618
    1811
    1756
    1774
    1769
    1792
    1831
    1829
    1817
    1881
    1989
    1962
    1962
    1949
    1914
    2069
    1954
    1987
    2026
    2028
    2012
    2038
    2010
    2051
    2161
    2092
    2151
    2072
    2139
    2166
    2115
    2169
    2178
    2173
    2176
    2172
    2235
    2258
    2317
    2272
    2478
    2279
    2324
    2345
    2285
    2410
    2404
    2415
    2391
    2425
    2433
    2387
    2492
    2421
    2405
    2379
    2377
    2368
    2374
    2444
    2309
    2343
    2285
    2301
    2347
    2349
    2284
    2218
    2269
    2239
    2172
    2295
    2256
    2285
    2238
    2246
    2271
    2240
    2294
    2234
    2223
    2300
    2237
    2306
    2234
    2211
    2176
    2297
    2246
    2291
    2288
    2280
    2316
    2378
    2454
    2295
    2347
    2433
    2365
    2456
    2374
    2496
    2317
    2356
    2351
    2321
    2302
    2262
    2248
    2276
    2138
    2084
    2167
    2176
    2227
    2122
    2121
    2052
    2145
    2170
    2063
    2127
    2043
    2061
    2111
    2110
    2036
    2073
    2085
    2152
    2105
    2137
    2198
    2216
    2212
    2181
    2302
    2277
    2214
    2276
    2253
    2256
    2261
    2339
    2233
    2286
    2305
    2267
    2367
    2295
    2319
    2246
    2381
    2250
    2307
    2297
    2318
    2316
    2338
    2321
    2253
    2299
    2353
    2405
    2298
    2237
    2299
    2261
    2272
    2225
    2267
    2239
    2195
    2254
    2233
    2246
    2187
    2197
    2195
    2265
    2153
    2067
    2102
    2218
    2143
    2239
    2114
    2132
    2064
    2074
    2012
    2080
    1996
    2012
    1893
    2083
    2015
    1978
    2039
    1990
    1878
    2003
    1906
    1928
    2016
    1900
    1902
    1967
    1898
    1842
    1980
    1818
    1904
    1847
    1833
    1808
    1732
    1762
    1802
    1833
    1743
    1802
    1819
    1771
    1781
    1728
    1713
    1728
    1738
    1710
    1667
    1696
    1806
    1719
    1631
    1696
    1701
    1634
    1695
    1598
    1650
    1666
    1638
    1613
    1617
    1619
    1500
    1563
    1539
    1596
    1582
    1526
    1474
    1550
    1501
    1496
    1519
    1553
    1540
    1537
    1529
    1447
    1543
    1524
    1466
    1453
    1533
    1477
    1484
    1514
    1483
    1470
    1527
    1509
    1477
    1457
    1503
    1398
    1512
    1478
    1450
    1473
    1465
    1379
    1515
    1500
    1453
    1439
    1464
    1487
    1452
    1400
    1396
    1454
    1455
    1470
    1431
    1446
    1458
    1391
    1430
    1438
    1459
    1330
    1477
    1378
    1463
    1385
    1414
    1433
    1384
    1357
    1472
    1440
    1300
    1373
    1356
    1281
    1269
    1303
    1272
    1208
    1213
    1261
    1181
    1158
    1132
    1062
    1134
    1084
    1013
    1032
     940
     979
     966
     884
     886
     838
     842
     789
     808
     718
     721
     701
     681
     624
     648
     638
     590
     599
     609
     577
     525
     506
     513
     449
     466
     480
     502
     426
     427
     429
     431
     414
     385
     409
     375
     361
     401
     321
     390
     342
     370
     306
     341
     318
     307
     322
     305
     293
     277
     311
     266
     280
     283
     274
     260
     250
     258
     273
     248
     230
     252
     227
     219
     243
     222
     220
     226
     201
     184
     182
     197
     196
     210
     181
     206
     211
     183
     179
     195
     179
     196
     220
     180
     208
     193
     213
     174
     189
     167
     190
     217
     215
     228
     210
     203
     206
     205
     221
     224
     241
     241
     265
     259
     222
     232
     253
     252
     293
     279
     320
     315
     353
     364
     369
     403
     367
     420
     443
     498
     534
     568
     644
     672
     718
     883
     870
     985
    1052
    1107
    1266
    1428
    1573
    1706
    1887
    1982
    2180
    2364
    2664
    2925
    3138
    3520
    3623
    3945
    4263
    4648
    4991
    5402
    5678
    5870
    6212
    6772
    7189
    7483
    7977
    8171
    8471
    9085
    9400
    9479
    9745
   10292
   10485
   10565
   10601
   10846
   10933
   10939
   10916
   10816
   10666
   10784
   10545
   10240
   10166
    9856
    9482
    9095
    8702
    8497
    7951
    7492
    7050
    6676
    6245
    5822
    5569
    5222
    4717
    4269
    4016
    3568
    3215
    2889
    2626
    2433
    2069
    1779
    1662
    1457
    1300
    1086
     900
     772
     695
     618
     523
     476
     382
     355
     284
     237
     194
     164
     166
     119
     125
     109
     110
      85
      83
      61
      52
      49
      48
      36
      36
      46
      41
      35
      40
      35
      35
      34
      44
      38
      42
      43
      44
      35
      35
      37
      45
      43
      43
      34
      43
      26
      37
      42
      48
      34
      32
      33
      38
      34
      31
      32
      40
      33
      38
      36
      27
      44
      37
      29
      38
      41
      45
      40
      29
      37
      32
      40
      38
      36
      31
      38
      24
      35
      27
      36
      25
      29
      33
      41
      29
      37
      29
      24
      30
      29
      26
      28
      24
      28
      20
      29
      31
      31
      24
      32
      33
      30
      21
      28
      34
      32
      33
      27
      19
      24
      32
      29
      29
      29
      33
      31
      27
      13
      27
      31
      29
      25
      27
      26
      34
      27
      31
      11
      28
      30
      18
      25
      24
      34
      28
      16
      23
      26
      26
      33
      33
      21
      24
      27
      31
      29
      23
      31
      26
      21
      30
      33
      30
      27
      36
      30
      29
      27
      29
      26
      28
      16
      32
      32
      36
      26
      26
      28
      29
      25
      23
      33
      32
      35
      24
      28
      36
      28
      29
      41
      26
      23
      28
      29
      35
      29
      20
      30
      25
      40
      24
      26
      38
      22
      32
      32
      24
      28
      31
      23
      32
      21
      22
      24
      28
      30
      34
      29
      20
      22
      25
      21
      14
      33
      28
      26
      20
      23
      24
      23
      27
      24
      16
      15
      18
      17
      35
      21
      25
      24
      23
      30
      21
      24
      12
      17
      21
      27
      23
      24
      22
      20
      17
      30
      21
      21
      17
      15
      23
      13
      19
      19
      12
      23
      20
      24
      23
      16
      15
      16
      24
      18
      17
      19
      16
      25
      23
      18
      21
      17
      23
      20
      12
      17
      14
      15
      19
      15
      11
      16
      22
      17
      27
      14
      21
      13
      19
      12
      21
      20
      20
      20
      17
      13
      13
      24
      21
      10
      20
      18
      22
      12
      22
      15
      17
      18
      24
      17
      11
      20
      20
      14
      20
      13
      24
      20
      16
      21
      14
      17
      15
      15
      22
      15
      11
      13
      21
      20
      17
      18
      24
      14
      19
      25
      21
      16
      23
      16
      15
      22
      16
      16
      15
      18
      21
      22
      21
      17
      17
      11
      16
      22
      18
      23
      18
      26
      26
      19
      23
      21
      19
      22
      18
      18
      15
      21
      20
      22
      19
      20
       8
      15
      18
      11
      18
      14
      20
       9
      17
      14
      12
      17
       7
      10
      16
      13
      15
      19
      13
      12
      13
      16
      13
      18
      21
      16
      14
       8
      12
      10
       7
      13
      16
       8
      16
       4
      13
      15
       8
      16
      12
      14
      13
      14
      10
      12
      15
      12
       9
      13
       9
      19
      11
      15
      12
      12
      12
       7
      12
      17
      13
       6
      13
      10
       9
      14
      12
      13
      13
      10
       7
      13
       8
      13
      14
       9
      10
      14
      10
      14
       8
      16
      15
      14
      13
      11
      10
       9
       9
       8
       8
       8
      11
       4
       9
      14
       6
      14
       8
      12
       9
       7
       7
      16
       9
       7
      10
       7
      12
       9
       8
      10
       8
      12
       8
       6
       9
       8
       6
      10
      15
      12
       9
       6
      16
       8
       5
      10
       9
       5
      13
       4
      10
      11
       7
       8
      15
       4
      13
       5
       5
       7
      11
       7
      10
      10
      11
       9
       8
       7
       8
       7
       7
      12
       9
      11
      16
      12
       8
      12
       7
       7
       7
       9
      13
      10
       8
       6
      10
      12
      12
      13
      11
       7
      11
      11
      11
      12
       8
      12
       7
      14
      13
       8
       8
      11
      12
      11
       9
       8
       8
       6
      11
       9
      10
      11
      11
      11
      11
       7
      14
       9
      10
      16
      13
      12
      10
      13
      15
      14
       7
      16
      17
      11
      14
      20
      16
      14
      22
      10
      19
       8
      20
      14
      11
      15
      14
      22
      19
      18
      15
      18
      10
      15
      18
      18
      13
       9
      17
      18
      19
      18
      24
      19
      26
      22
      20
      19
      25
      25
      23
      29
      22
      29
      27
      31
      18
      20
      23
      23
      23
      24
      24
      24
      30
      20
      20
      27
      35
      21
      26
      26
      17
      20
      18
      23
      26
      27
      19
      22
      30
      23
      26
      27
      17
      13
      26
      21
      14
      21
      23
      29
      19
      28
      12
      10
      15
       4
      13
      20
      14
      10
      15
      16
       5
       9
       7
      10
      12
       8
      10
      10
       8
       9
      14
      10
      10
       6
       7
       8
       3
       9
       7
       6
       1
       8
       8
       5
       5
       7
       3
       7
       6
       0
       2
       3
       4
       7
       5
       6
       5
       3
       2
       2
       1
       3
       2
       5
       1
       3
       6
       3
       5
       2
       5
       6
       3
       4
       5
       2
       1
       5
       6
       2
       1
       3
       5
       3
       0
       3
       3
       5
       2
       3
       5
       3
       6
       8
       3
       3
       3
       1
       3
       2
       2
       1
       1
      10
       1
       4
       0
       6
       2
       1
       5
       8
       3
       2
       0
       5
       3
       2
       3
       3
       1
       5
       1
       4
       4
       5
       3
       1
       3
       4
       4
       4
       4
       1
       5
       4
       3
       1
       3
       3
       1
       4
       4
       3
       2
       1
       2
       3
       0
       3
       2
       5
       3
       3
       1
       4
       4
       3
       3
       2
       5
       3
       2
       5
       0
       3
       2
       1
       6
       4
       1
       0
       1
       7
       3
       0
       4
       4
       2
       3
       2
       3
       3
       4
       5
       4
       5
       2
       5
       5
       5
       1
       5
       1
       2
       6
       3
       0
       0
       3
       5
       0
       4
       4
       1
       2
       1
       4
       3
       4
       3
       2
       4
       6
       4
       4
       5
       3
       3
       5
       2
       4
       2
       3
       9
       6
       3
       6
       5
       5
       6
       5
       3
       4
       3
       6
       3
       2
       4
       4
       3
       4
       4
       4
       2
       7
       2
       3
       1
       3
       5
       4
       1
       5
       6
       3
       1
       4
       2
       3
       2
       3
       3
       3
       4
       4
       5
       2
       5
       4
       2
       1
       3
       5
       5
       1
       2
       2
       2
       2
       0
       2
       4
       5
       1
       4
       1
       3
       1
       0
       1
       1
       1
       1
       1
       0
       2
       2
       2
       1
       1
       2
       3
       1
       2
       3
       3
       2
       3
       2
       3
       1
       1
       5
       2
       6
       3
       2
       1
       2
       1
       0
       3
       2
       2
       4
       1
       1
       5
       2
       1
       3
       3
       3
       3
       2
       3
       3
       2
       0
       1
       4
       2
       2
       1
       1
       2
       1
       2
       1
       1
       8
       4
       0
       1
       2
       1
       3
       0
       1
       2
       1
       2
       2
       3
       1
       2
       2
       2
       0
       2
       2
       2
       1
       2
       3
       3
       2
       2
       1
       0
       2
       0
       3
       5
       0
       0
       2
       2
       0
       1
       1
       1
       2
       0
       3
       0
       0
       3
       3
       3
       3
       5
       2
       4
       4
       1
       2
       2
       0
       2
       2
       2
       4
       4
       2
       2
       0
       0
       2
       1
       1
       2
       1
       2
       0
       3
       1
       4
       0
       2
       2
       3
       2
       0
       1
       0
       1
       2
       2
       2
       1
       1
       1
       4
       0
       0
       2
       1
       1
       1
       3
       1
       1
       2
       1
       1
       0
       2
       0
       2
       0
       2
       1
       1
       3
       0
       2
       1
       0
       1
       3
       0
       2
       2
       2
       4
       4
       1
       1
       3
       1
       1
       2
       5
       1
       1
       2
       2
       2
       5
       3
       4
       1
       3
       4
       1
       0
       5
       3
       2
       3
       0
       5
       3
       1
       2
       6
       4
       1
       2
       1
       3
       2
       2
       2
       1
       1
       0
       3
       1
       1
       1
       1
       3
       3
       4
       2
       2
       3
       3
       3
       1
       4
       2
       0
       2
       5
       1
       2
       3
       2
       2
       0
       4
       2
       7
       5
       2
       1
       2
       1
       2
       2
       1
       3
       0
       2
       1
       2
       2
       0
       3
       4
       3
       6
       4
       4
       4
       0
       3
       0
       1
       1
       4
       4
       2
       1
       2
       6
       4
       3
       1
       0
       2
       3
       1
       6
       1
       1
       3
       2
       2
       5
       5
       2
       1
       0
       0
       0
       0
       0
       0
       0
       0
       0
       0
       0
       0
       0
       0
       0
       0
       0
       1
       0
       0
       0
       0
       0
       0
       0
       0
       0
       0
       0
       1
       0
       0
       0
       0
       0
       0
       0
       0
       0
       0
       0
       0
       0
       0
       0
       0
       0
       0
       0
       0
       0
       0
       0
       0
       0
       0
       0
       0
       0
       0
       0
       0
       0
       0
       0
       0
       0
       0
       0
       0
       0
       0
       0
       0
       0
       0
       0
       0
       0
       0
       0
       0
       0
       0
       0
       0
       0
       0
       0
       0
       0
       0
       0
       0
       0
       0
       0
       0
       0
       0
       0
       0
       0
       0
       0
       0
       0
       0
       0
       0
       0
       0
       0
       0
       0
       0
       0
       0
       0
       0
       0
       0
       0
       0
       0
       0
       0
       0
       0
       0
       0
       0
       0
       0
       0
       0
       0
       0
       0
       0
       0
       0
       0
       0
       0
       0
       0
       0
       0
       0
       0
       0
       0
       0
       0
       0
       0
       0
       0
       0
       0
       0
       0
       0
       0
       0
       0
       0
       0
       0
       0
       0
       0
       0
       0
       0
       0
       0
       0
       0
       0
       0
       0
       0
       0
       0
       0
       0
       0
       0
       0
$ROI:
0
$PRESETS:
None
0
0
$ENER_FIT:
0.000000 1.000000
$MCA_CAL:
3
0.000000E+000 1.000000E+000 0.000000E+000 keV
$SHAPE_CAL:
3
1.000000E+000 0.000000E+000 0.000000E+000
