$SPEC_ID:
This is spectrum 003
$SPEC_REM:
DET# 1
DETDESC# CK155-04 Easy-MCA-2k SN 12292282
AP# Maestro Version 7.01
$DATE_MEA:
02/17/2022 13:23:18
$MEAS_TIM:
59 60
$DATA:
0 2047
       0
       0
       0
       0
       0
       0
       0
       0
       0
       0
       0
       0
       0
       0
      34
      40
      41
      43
      43
      40
      44
      48
      53
      38
      41
      51
      46
      53
      51
      49
      62
      51
      65
      56
      74
      58
      75
      89
      84
      89
      93
      96
      84
      99
     115
     109
     125
     125
     134
     129
     130
     131
     126
     136
     145
     167
     157
     169
     150
     157
     166
     156
     186
     177
     178
     169
     174
     156
     167
     173
     172
     185
     176
     173
     177
     163
     167
     155
     186
     158
     178
     164
     168
     169
     159
     152
     168
     171
     155
     161
     173
     121
     133
     154
     146
     156
     137
     132
     144
     135
     156
     127
     132
     142
     121
     128
     124
     121
     135
     136
     107
     124
     120
     132
     106
     125
     122
     113
     127
     116
     116
      95
     100
      99
     121
      94
      90
     113
     117
     109
      96
      96
      84
     102
     108
      90
      98
     101
      95
      98
     103
     112
     104
      90
      82
      83
      87
      95
     101
      89
      88
      95
      74
      80
      87
      77
      74
      67
      65
      61
      98
      71
      76
      70
      60
      68
      66
      68
      71
      85
      72
      74
      67
      51
      70
      80
      62
      55
      47
      53
      45
      74
      57
      45
      54
      61
      53
      59
      48
      42
      53
      46
      55
      33
      49
      46
      43
      49
      44
      45
      49
      60
      47
      58
      44
      35
      44
      50
      49
      36
      43
      39
      53
      43
      49
      46
      43
      39
      30
      38
      48
      44
      47
      29
      44
      47
      44
      43
      46
      36
      26
      28
      27
      35
      31
      33
      37
      29
      28
      32
      29
      31
      28
      28
      37
      36
      27
      34
      37
      39
      32
      23
      32
      30
      38
      28
      26
      22
      24
      26
      25
      11
      34
      39
      37
      29
      24
      24
      33
      20
      19
      17
      35
      34
      21
      19
      26
      29
      33
      32
      28
      32
      22
      22
      24
      34
      29
      26
      26
      26
      21
      26
      25
      13
      15
      24
      37
      21
      15
      33
      20
      29
      23
      25
      21
      26
      29
      27
      19
      26
      24
      28
      26
      23
      29
      28
      24
      22
      16
      31
      18
      22
      21
      20
      26
      20
      17
      20
      23
      16
      21
      17
      17
      25
      19
      16
      24
      24
      21
      18
      24
      25
      19
      27
      26
      27
      30
      19
      18
      25
      24
      23
      17
      20
      23
      18
      30
      14
      21
      17
      21
      23
      18
      20
      24
      25
      27
      16
      16
      16
      18
      21
      12
      21
      21
      17
      14
      16
       9
      16
      19
      12
      21
      15
      15
      19
      13
      12
      16
      12
      14
      14
      11
      24
      16
       7
      21
      14
      18
      15
      10
      15
      12
      11
      10
       7
      12
      15
       9
      12
      13
      10
      10
       9
      11
      18
      13
       7
      17
       4
      16
      19
       9
      12
      10
      12
      12
      21
       8
      11
      16
      10
      12
      12
      20
      18
      16
      21
      17
      14
      14
       8
      13
      14
      11
       5
      15
      14
      14
       8
      12
      11
      10
       9
       8
      11
      16
      12
      11
      11
      12
      14
      11
       8
      10
      17
      12
      19
      12
      14
      15
      11
      23
      14
      14
      12
      15
      20
      20
      17
      17
      13
      16
      11
      22
      25
      22
      27
      13
      30
      26
      26
      25
      27
      29
      39
      26
      33
      35
      22
      39
      34
      32
      38
      37
      37
      27
      48
      43
      34
      35
      40
      32
      33
      34
      37
      26
      25
      23
      25
      20
      27
      18
      15
      16
      12
      10
      12
      15
      15
      17
      10
       5
       8
       9
       8
      18
       4
      11
      11
       7
      14
       6
       7
       5
      12
       7
      10
      10
       8
      10
       8
       8
       6
       9
       8
      14
      12
       6
       9
       6
      11
      10
      13
       9
       8
       8
      15
       9
      10
       7
      12
      14
       7
      10
      16
      15
       6
       4
      17
       5
      14
       7
      13
      10
      11
       9
      10
      12
      10
       9
      16
       9
      11
      17
      13
      24
      15
      19
      15
      19
      17
      14
      13
      17
      14
      15
       9
      12
      14
      18
      16
      16
       5
      17
      16
      11
      13
       9
       9
      14
      11
       7
       8
      12
       8
       9
       6
       3
      12
      10
      11
      12
       9
       9
      10
      10
      14
       8
       6
       6
      14
       9
       7
       7
       8
       7
       6
       9
       6
       7
       6
       2
       6
       3
       7
       5
       3
       6
       6
      11
       9
       8
       7
       4
       7
       6
       2
       5
      14
      10
      10
       9
      14
       9
       8
       8
       7
       3
       6
       7
       9
       6
       6
      11
       7
       4
       4
      13
       5
       5
       6
      10
       9
      11
       4
       9
      12
       4
       2
       3
       5
       9
      15
       7
       3
       7
       6
       8
       6
       4
       9
       8
       5
      12
       7
       5
      10
       8
       4
       7
      11
       4
       3
       6
       4
       4
       4
       6
      11
       6
       9
      10
       5
      11
       9
       8
       6
       7
       6
      11
       5
       7
       8
      11
       7
       4
       6
       5
       7
       8
       9
       9
       4
       7
       8
       5
       6
       8
       9
       5
       7
       8
       9
       5
       9
       7
       7
       9
       6
       6
       4
       8
       4
       8
       8
       2
       6
      12
       7
       8
       7
       5
       3
       2
       7
       8
       5
       8
       8
      11
       5
      10
       9
       7
       7
       5
       5
      14
       6
      14
       3
      10
       8
      12
       9
       6
      10
       8
      11
       7
      12
      13
       7
      10
       8
       1
       8
       6
       5
       6
       9
       6
      11
       9
       5
       8
      12
       8
      10
       7
       7
       4
      12
      12
      11
       4
      11
       9
       8
       5
      10
       8
      10
      15
       9
       9
      13
      15
      13
      14
      15
      15
      21
      10
      14
      12
      21
       9
      13
      13
      15
       6
      13
      10
      11
      10
      12
      10
      13
       9
      12
      15
      14
      14
       8
      12
      11
      15
       7
       8
      13
      11
       8
       8
      11
       6
       8
       4
       7
       7
       5
       8
       5
       6
       5
       7
       1
       6
       5
       2
       3
       5
       2
       2
       3
       6
       3
       4
       5
       2
       1
       4
       4
       1
       3
       2
       6
       5
       2
       2
       4
       1
       3
       3
       3
       3
       2
       3
       2
       3
       6
       2
       3
       0
       1
       2
       1
       3
       2
       3
       1
       4
       0
       2
       3
       1
       2
       4
       3
       1
       1
       4
       2
       5
       3
       2
       1
       0
       2
       0
       0
       2
       3
       0
       2
       1
       1
       4
       3
       1
       1
       2
       2
       1
       1
       1
       1
       1
       2
       0
       1
       0
       3
       1
       0
       0
       1
       0
       2
       2
       3
       1
       3
       0
       3
       0
       2
       1
       2
       5
       3
       5
       3
       5
       4
       3
       3
       4
       7
       2
       1
       7
       4
       6
       6
       6
       8
       6
       6
       9
      18
      10
      11
      14
      11
      13
      14
      10
      15
      12
       7
      20
      12
      21
      26
      20
      14
      30
      23
      14
      20
      32
      33
      16
      20
      19
      23
      23
      25
      18
      24
      28
      16
      21
      10
      18
      25
      18
      10
      21
      15
      20
      17
      17
      13
      14
       9
       8
      10
      18
      11
      11
      12
      12
       7
      12
      11
       6
       5
       3
       2
       7
       6
       7
       8
       4
       3
       6
       3
       3
       2
       1
       0
       1
       2
       0
       1
       2
       1
       4
       2
       2
       0
       1
       1
       1
       0
       1
       1
       0
       1
       1
       0
       0
       0
       0
       1
       1
       2
       1
       0
       2
       0
       0
       1
       1
       0
       1
       1
       1
       2
       0
       0
       2
       0
       1
       1
       0
       0
       1
       0
       1
       1
       2
       0
       0
       0
       1
       0
       0
       0
       1
       0
       0
       0
       0
       0
       1
       0
       1
       1
       0
       1
       1
       1
       0
       1
       0
       0
       1
       2
       0
       1
       2
       0
       1
       0
       0
       0
       0
       0
       1
       1
       1
       1
       0
       1
       3
       1
       0
       1
       0
       0
       0
       0
       2
       0
       0
       0
       1
       0
       0
       1
       1
       0
       0
       0
       0
       1
       2
       1
       0
       2
       0
       1
       0
       0
       0
       1
       1
       0
       0
       0
       0
       0
       0
       0
       1
       1
       1
       1
       3
       2
       0
       0
       3
       0
       2
       2
       0
       0
       0
       0
       1
       0
       0
       1
       0
       1
       2
       0
       1
       1
       0
       0
       1
       4
       0
       2
       2
       0
       0
       0
       1
       0
       0
       1
       2
       0
       1
       0
       1
       0
       0
       0
       0
       0
       0
       0
       1
       0
       0
       1
       2
       0
       2
       0
       1
       0
       1
       0
       1
       2
       0
       0
       0
       0
       0
       1
       0
       1
       0
       0
       1
       1
       0
       0
       0
       0
       0
       0
       0
       1
       1
       0
       0
       1
       0
       0
       1
       0
       4
       0
       0
       0
       2
       0
       0
       0
       1
       1
       0
       0
       0
       0
       1
       1
       5
       1
       1
       0
       1
       0
       1
       0
       1
       0
       1
       2
       1
       0
       0
       1
       2
       0
       1
       0
       2
       0
       0
       0
       0
       1
       0
       1
       0
       0
       0
       0
       1
       0
       1
       1
       2
       0
       0
       1
       0
       0
       0
       0
       0
       1
       0
       0
       0
       1
       1
       0
       0
       0
       0
       0
       0
       1
       0
       1
       0
       0
       0
       0
       0
       0
       0
       1
       0
       0
       1
       3
       0
       1
       1
       0
       1
       0
       0
       2
       0
       0
       0
       1
       1
       0
       0
       0
       1
       0
       0
       0
       0
       0
       0
       0
       1
       0
       0
       0
       0
       0
       0
       0
       0
       1
       0
       0
       0
       0
       0
       0
       1
       0
       0
       0
       0
       1
       0
       0
       1
       0
       0
       0
       0
       0
       0
       0
       0
       0
       0
       0
       0
       0
       0
       0
       0
       0
       0
       0
       0
       1
       1
       1
       0
       0
       0
       0
       0
       0
       0
       0
       0
       1
       0
       0
       1
       0
       0
       0
       0
       1
       0
       0
       0
       0
       1
       0
       0
       1
       0
       0
       3
       2
       1
       2
       0
       0
       0
       1
       0
       2
       0
       1
       0
       0
       0
       2
       2
       2
       1
       1
       1
       3
       1
       2
       1
       1
       1
       0
       0
       5
       2
       0
       0
       0
       1
       1
       2
       2
       1
       0
       0
       0
       1
       1
       0
       2
       0
       0
       0
       0
       1
       0
       0
       0
       1
       1
       1
       0
       0
       0
       1
       2
       0
       0
       0
       0
       0
       2
       0
       0
       0
       0
       0
       0
       1
       1
       0
       1
       0
       0
       0
       0
       1
       0
       0
       0
       2
       0
       0
       0
       0
       0
       0
       1
       0
       0
       0
       1
       0
       0
       1
       0
       1
       1
       0
       0
       1
       1
       0
       1
       0
       0
       0
       0
       0
       1
       0
       0
       0
       1
       0
       0
       1
       0
       1
       0
       0
       0
       0
       0
       0
       0
       0
       0
       0
       2
       0
       0
       0
       0
       0
       0
       1
       0
       0
       0
       0
       0
       0
       0
       0
       0
       0
       0
       0
       0
       1
       1
       0
       0
       0
       0
       0
       1
       0
       0
       0
       0
       1
       0
       0
       0
       0
       0
       0
       0
       0
       0
       0
       0
       0
       0
       0
       0
       0
       0
       0
       0
       0
       0
       0
       0
       0
       0
       0
       0
       0
       0
       0
       0
       0
       0
       0
       0
       0
       0
       0
       0
       0
       0
       0
       0
       0
       0
       0
       0
       0
       0
       0
       0
       0
       0
       0
       0
       0
       0
       0
       0
       0
       0
       0
       0
       0
       0
       0
       1
       0
       0
       0
       0
       0
       0
       0
       0
       0
       0
       0
       0
       0
       0
       0
       0
       0
       0
       0
       0
       0
       0
       0
       0
       0
       0
       0
       0
       0
       0
       0
       0
       1
       0
       0
       0
       0
       0
       0
       0
       0
       1
       0
       0
       0
       0
       0
       0
       0
       0
       0
       0
       0
       0
       0
       0
       0
       0
       0
       0
       0
       0
       0
       0
       0
       0
       0
       0
       0
       0
       0
       0
       0
       0
       0
       0
       0
       0
       0
       0
       0
       0
       0
       0
       0
       0
       0
       0
       0
       0
       0
       0
       0
       0
       0
       0
       0
       0
       0
       0
       0
       0
       0
       0
       0
       0
       0
       0
       0
       0
       0
       0
       0
       0
       0
       0
       0
       0
       0
       0
       0
       0
       0
       0
       0
       0
       0
       0
       0
       0
       0
       0
       0
       0
       0
       0
       0
       0
       0
       0
       0
       0
       0
       0
       0
       0
       0
       0
       0
       0
       0
       0
       0
       0
       0
       1
       0
       0
       0
       0
       0
       0
       0
       0
       0
       0
       0
       0
       0
       0
       0
       0
       0
       0
       0
       0
       0
       0
       0
       0
       0
       0
       0
       0
       0
       0
       0
       0
       0
       0
       0
       0
       0
       0
       0
       0
       0
       0
       0
       0
       0
       0
       0
       0
       0
       0
       0
       0
       0
       0
       0
       0
       0
       0
       0
       0
       0
       0
       0
       0
       0
       0
       0
       0
       0
       0
       0
       0
       0
       0
       0
       0
       0
       0
       0
       0
       0
       0
       0
       0
       0
       0
       0
       0
       0
       0
       0
       0
       0
       0
       0
       0
       0
       0
       0
       0
       0
       0
       0
       0
       0
       0
       0
       0
       0
       0
       0
       0
       0
       0
       0
       0
       0
       0
       0
       0
       0
       0
       0
       0
       0
       0
       0
       0
       0
       0
       0
       0
       0
       0
       0
       0
       0
       0
       0
       0
       0
       0
       0
       0
       0
       0
$ROI:
5
471 536
564 647
763 844
1001 1090
1573 1669
$PRESETS:
Real Time
60
0
$ENER_FIT:
-20.212013 1.714672
$MCA_CAL:
3
-2.021201E+001 1.714672E+000 4.288640E-006 keV
$SHAPE_CAL:
3
1.158210E+001 3.853783E-002 -7.560620E-006
