$SPEC_ID:
This is spectrum 018
$SPEC_REM:
DET# 1
DETDESC# CK155-04 Easy-MCA-2k SN 12292282
AP# Maestro Version 7.01
$DATE_MEA:
02/17/2022 13:38:37
$MEAS_TIM:
59 60
$DATA:
0 2047
       0
       0
       0
       0
       0
       0
       0
       0
       0
       0
       0
       0
       0
       1
      28
      26
      32
      33
      37
      42
      34
      36
      35
      24
      25
      32
      34
      43
      46
      40
      42
      42
      42
      42
      40
      49
      50
      50
      62
      51
      58
      83
      60
      77
     108
      90
     111
     118
      99
     115
     117
     136
     100
     150
     125
     124
     129
     126
     126
     126
     155
     161
     139
     148
     138
     139
     161
     154
     147
     160
     176
     159
     163
     140
     165
     147
     149
     162
     154
     157
     139
     137
     143
     148
     137
     153
     139
     126
     105
     119
     137
     130
     130
     150
     115
     129
     133
     131
     143
     117
     123
     128
     127
      97
     113
     105
     105
     122
     116
     108
     100
     118
     122
     116
     117
     104
     105
     101
      81
      91
      92
      98
      95
     110
      89
     100
      89
     107
      90
      77
      79
      71
      85
      75
      75
      79
      93
      82
      92
      79
      84
      88
      80
      99
      79
      88
      76
      66
      67
      64
      79
      74
     100
      81
      71
      59
      68
      63
      70
      48
      58
      64
      51
      59
      59
      61
      61
      67
      51
      52
      56
      64
      60
      70
      41
      60
      41
      41
      44
      43
      35
      50
      50
      49
      42
      53
      44
      32
      45
      48
      36
      42
      39
      38
      40
      38
      37
      38
      35
      44
      34
      32
      38
      24
      42
      38
      36
      33
      37
      39
      34
      38
      36
      45
      33
      29
      35
      37
      33
      33
      28
      32
      34
      25
      34
      26
      25
      24
      29
      23
      27
      24
      30
      21
      20
      21
      17
      27
      17
      22
      25
      25
      23
      20
      25
      29
      22
      17
      17
      26
      20
      21
      26
      20
      23
      15
      29
      20
      14
      25
      20
      16
      16
      25
      17
      19
      16
      24
      14
      17
      20
      27
      17
      22
      19
      13
      13
      16
      25
      20
      18
      24
      17
      16
      17
      21
      17
      16
      16
      21
      21
      19
      20
      15
      19
      16
      16
      19
      27
      22
      10
      14
      27
      22
      11
      18
      22
      18
      20
      13
      21
      16
      19
      22
      24
      18
      13
      18
      17
      22
      19
      15
      16
      11
      15
      14
      20
      16
      14
      15
      15
      10
      21
      20
      11
      11
      16
      12
      13
      16
      13
      16
      12
      16
      20
      19
      14
      19
      18
      11
       6
      14
       8
      16
      15
      20
      17
      19
      14
      16
      15
      11
      18
      12
      13
      19
      14
      17
      12
      17
      15
      13
      18
      12
      13
      11
      11
      10
      13
      11
       9
       9
      12
       6
      11
       7
      12
       8
      13
       7
       5
      11
       7
      10
       6
      16
      12
      10
      12
      10
       7
      10
      11
      10
       9
      11
       7
      10
      11
       7
       8
       6
      12
       9
       4
       4
       7
       9
       9
      10
      11
       9
       7
      10
      16
       6
       9
      14
      10
       8
       7
       7
       6
       7
       6
      11
       8
       6
       7
       9
       4
      11
      11
       8
       5
       6
      11
       6
      13
       9
       9
       6
       3
       6
      10
       6
      13
       9
       8
       4
       5
       7
       5
       9
       6
       5
       7
       9
       7
       9
       6
       5
      15
       4
       2
      11
       8
       7
       9
       6
       9
       9
       3
       9
      10
      12
       9
      17
       6
      11
       8
      10
       9
      12
      17
      14
       7
      10
      11
      20
      10
      11
      19
      14
      15
      18
      23
      15
      14
      20
      18
       7
      17
      18
      14
      10
      10
      13
      21
      10
       9
      14
       9
      11
       6
      10
       9
       6
       7
       8
      12
      10
       7
       5
       5
       8
       4
       2
       9
       4
       5
       3
       7
       7
       4
       9
       6
       4
       7
       2
      12
       9
       9
      12
       6
       6
       8
      10
      12
       3
       7
       9
       3
       5
       3
       3
       7
      11
      13
       6
       4
       9
       8
       4
       6
       5
       5
       6
       5
      12
       3
      10
       8
       4
       5
       6
       2
       5
       8
       6
       4
       6
       6
       6
      11
       8
       6
       6
       6
       5
       7
       7
      14
       3
      10
      16
       5
       5
       9
       8
       4
       6
       9
       4
       5
       7
       7
       7
       4
       7
       5
       5
       4
       7
       5
       6
       4
       5
       6
       6
       2
       8
       5
       3
       2
       3
       7
       4
       6
       4
       3
       2
       3
       5
       4
       1
       5
       2
       6
       4
       3
       1
       6
       4
       4
       6
       4
       6
       1
       5
       4
       3
       5
       6
       4
       1
       4
       6
       2
       7
       3
       3
       3
       4
       3
       5
       6
       7
       6
       6
       3
       3
       3
       5
       6
       2
       3
       6
       3
       5
       2
       3
       2
       3
       2
       5
       4
       7
       5
       8
       4
       2
       7
       3
       8
       5
       8
       3
       3
       0
       4
       4
       3
       7
       4
       3
       6
       8
       3
       7
       0
       2
       3
       1
       2
       1
       4
       3
       1
       2
       2
       2
       3
       4
       3
       2
       2
       4
       4
       1
       2
       2
       6
       2
       4
       1
       4
       6
       2
       3
       1
       2
       3
       1
       3
       2
       2
       4
       0
       2
       4
       1
       2
       3
       1
       2
       1
       0
       3
       7
       0
       2
       2
       2
       3
       1
       1
       2
       3
       2
       2
       1
       1
       0
       1
       1
       1
       0
       3
       1
       4
       1
       1
       5
       4
       1
       2
       3
       1
       3
       4
       0
       5
       2
       4
       0
       3
       2
       5
       5
       2
       2
       4
       4
       2
       3
       1
       3
       2
       3
       7
       2
       4
       5
       5
       3
       4
       1
       2
       3
       3
       4
       7
       5
       5
       5
       4
       5
       3
       4
       9
       5
       7
       6
       9
       3
       3
       9
       5
      10
       9
      13
      10
       6
      10
       6
       9
      15
       8
      12
      11
      10
      14
      11
       7
       3
       6
      13
      10
      11
       7
       9
       9
       7
       6
       9
       8
       3
       4
       5
       4
       9
       4
       3
       3
       1
       5
       6
       3
       1
       3
       4
       1
       3
       0
       3
       0
       1
       3
       0
       1
       2
       2
       0
       0
       0
       2
       2
       1
       3
       0
       0
       3
       0
       2
       1
       2
       2
       2
       1
       0
       1
       2
       2
       1
       3
       0
       0
       0
       2
       1
       2
       1
       2
       0
       1
       3
       2
       1
       0
       3
       1
       0
       2
       1
       0
       0
       1
       0
       0
       0
       1
       0
       2
       0
       3
       1
       0
       2
       1
       1
       1
       0
       0
       2
       1
       0
       2
       2
       0
       0
       0
       2
       3
       0
       2
       2
       0
       0
       1
       0
       1
       2
       2
       4
       2
       0
       1
       2
       0
       1
       1
       1
       0
       1
       0
       0
       0
       1
       1
       1
       3
       0
       0
       0
       0
       3
       1
       2
       2
       1
       1
       1
       1
       0
       0
       3
       1
       3
       1
       2
       1
       4
       0
       1
       2
       0
       2
       1
       2
       4
       1
       1
       2
       2
       0
       3
       0
       2
       0
       1
       1
       3
       3
       0
       1
       0
       4
       0
       2
       0
       2
       1
       2
       2
       2
       1
       0
       2
       1
       2
       1
       1
       0
       1
       1
       1
       1
       2
       2
       0
       1
       2
       2
       1
       0
       1
       1
       4
       1
       1
       1
       0
       0
       1
       1
       0
       1
       1
       0
       2
       0
       0
       3
       3
       0
       0
       0
       1
       1
       0
       2
       0
       0
       2
       3
       0
       2
       0
       0
       0
       0
       1
       1
       0
       0
       0
       2
       0
       1
       0
       0
       0
       0
       0
       0
       0
       0
       0
       1
       1
       0
       0
       0
       0
       1
       1
       0
       0
       0
       0
       0
       1
       0
       2
       1
       1
       0
       0
       0
       0
       1
       0
       1
       0
       0
       0
       2
       2
       2
       0
       0
       0
       1
       0
       1
       1
       1
       0
       2
       0
       1
       0
       0
       1
       0
       2
       2
       0
       0
       0
       0
       0
       0
       1
       1
       0
       0
       0
       1
       1
       3
       0
       0
       0
       0
       0
       0
       1
       0
       1
       0
       1
       0
       1
       1
       0
       0
       0
       0
       0
       1
       0
       2
       0
       0
       3
       0
       0
       2
       1
       0
       0
       0
       0
       0
       1
       1
       0
       0
       3
       0
       1
       0
       0
       0
       1
       2
       2
       0
       3
       0
       0
       1
       1
       0
       0
       0
       2
       0
       2
       2
       2
       0
       3
       1
       1
       1
       1
       0
       1
       1
       0
       1
       2
       2
       2
       1
       0
       0
       0
       0
       2
       1
       0
       0
       0
       0
       0
       2
       1
       1
       0
       3
       0
       0
       2
       1
       1
       2
       0
       1
       0
       2
       0
       0
       1
       1
       2
       1
       0
       1
       1
       2
       0
       1
       0
       2
       0
       3
       0
       0
       0
       0
       1
       0
       0
       2
       1
       0
       1
       1
       0
       1
       0
       0
       0
       2
       1
       1
       2
       2
       0
       2
       0
       0
       1
       1
       1
       0
       1
       0
       0
       0
       0
       2
       2
       0
       1
       0
       0
       0
       1
       1
       0
       0
       1
       1
       0
       0
       0
       0
       0
       0
       0
       1
       0
       1
       1
       0
       1
       0
       0
       0
       0
       0
       0
       0
       0
       0
       0
       0
       0
       0
       0
       0
       0
       0
       1
       2
       0
       0
       2
       0
       0
       0
       1
       0
       1
       1
       3
       0
       1
       2
       0
       0
       0
       0
       0
       0
       0
       0
       0
       1
       0
       0
       1
       0
       1
       1
       0
       2
       0
       1
       0
       0
       0
       0
       0
       0
       0
       0
       0
       0
       0
       0
       0
       0
       0
       0
       0
       0
       0
       0
       0
       0
       0
       1
       0
       1
       0
       1
       1
       0
       0
       0
       0
       0
       1
       1
       0
       1
       1
       0
       0
       0
       0
       0
       0
       0
       0
       0
       0
       1
       0
       0
       0
       1
       1
       0
       1
       0
       0
       0
       0
       0
       1
       0
       0
       1
       0
       0
       0
       1
       0
       2
       0
       0
       0
       0
       1
       0
       1
       1
       0
       1
       0
       1
       1
       0
       0
       0
       0
       2
       2
       1
       1
       0
       0
       1
       1
       2
       1
       1
       1
       0
       2
       0
       1
       1
       2
       0
       1
       1
       2
       0
       1
       1
       0
       0
       0
       0
       2
       0
       1
       1
       1
       0
       2
       0
       2
       1
       2
       2
       0
       0
       0
       0
       0
       0
       2
       1
       0
       1
       1
       1
       1
       0
       0
       0
       1
       0
       0
       0
       0
       0
       1
       1
       1
       0
       0
       1
       1
       0
       1
       0
       1
       1
       0
       0
       1
       1
       1
       0
       0
       0
       0
       0
       1
       0
       0
       0
       0
       0
       1
       0
       1
       1
       0
       1
       1
       0
       2
       1
       1
       1
       0
       2
       0
       1
       0
       0
       0
       1
       0
       1
       0
       0
       1
       0
       0
       0
       0
       0
       0
       0
       1
       0
       0
       1
       1
       2
       0
       0
       0
       0
       0
       1
       0
       1
       1
       0
       0
       0
       0
       0
       0
       0
       0
       0
       0
       0
       0
       1
       0
       0
       0
       0
       0
       0
       0
       0
       0
       0
       0
       0
       0
       0
       0
       1
       0
       0
       0
       0
       0
       0
       0
       0
       0
       0
       0
       0
       0
       0
       0
       0
       0
       0
       0
       0
       0
       0
       0
       0
       0
       0
       0
       0
       0
       0
       0
       0
       0
       1
       0
       0
       0
       0
       0
       0
       0
       0
       0
       0
       0
       0
       0
       0
       0
       0
       0
       0
       0
       0
       0
       0
       0
       0
       0
       0
       0
       0
       0
       0
       0
       0
       0
       0
       0
       0
       0
       0
       0
       0
       0
       0
       0
       0
       0
       0
       0
       0
       0
       0
       0
       0
       0
       0
       0
       0
       0
       1
       0
       0
       0
       0
       0
       0
       0
       0
       0
       1
       0
       0
       0
       0
       0
       1
       1
       0
       0
       0
       0
       0
       0
       0
       0
       1
       0
       0
       0
       0
       0
       0
       0
       0
       0
       0
       1
       0
       0
       0
       0
       0
       0
       0
       0
       0
       0
       0
       0
       0
       0
       0
       0
       0
       0
       0
       0
       0
       0
       0
       0
       0
       0
       0
       0
       0
       0
       0
       0
       0
       0
       0
       0
       0
       0
       0
       0
       0
       0
       0
       0
       0
       0
       0
       0
       0
       0
       0
       0
       0
       0
       0
       0
       0
       0
       0
       0
       0
       0
       0
       0
       0
       0
       0
       0
       0
       0
       0
       0
       0
       0
       0
       0
       0
       0
       0
       0
       0
       0
       0
       0
       0
       0
       0
       0
       0
       1
       0
       0
       0
       0
       0
       0
       0
       0
       0
       0
       0
       0
       0
       0
       0
       0
       0
       0
       0
       0
       0
       0
       0
       0
       0
       0
       0
       0
       0
       0
       0
       0
       0
       0
       0
       0
       0
       0
       0
       0
       0
       0
       0
       0
       0
       0
       0
       0
       0
       0
       0
       0
       0
       0
       0
       0
       0
       0
       0
       0
       0
       0
       0
       0
       0
       0
       0
       0
       0
       0
       0
       0
       0
       0
       0
       0
       0
       0
       0
       0
       0
       0
       0
       0
       0
       0
       0
       0
       0
       0
       0
       0
       0
       0
       0
       0
       0
       0
       0
       0
       0
       0
       0
       0
       0
       0
       0
       0
       0
       0
       0
       0
       0
       0
       0
       0
       0
       0
       0
       0
       0
       0
       0
       0
       0
       0
       0
       0
       0
       0
       0
       0
       0
       0
       0
       0
       0
       0
       0
       0
       0
       0
       0
       0
       0
       0
       0
       0
       0
$ROI:
5
471 536
564 647
763 844
1001 1090
1573 1669
$PRESETS:
Real Time
60
0
$ENER_FIT:
-20.212013 1.714672
$MCA_CAL:
3
-2.021201E+001 1.714672E+000 4.288640E-006 keV
$SHAPE_CAL:
3
1.158210E+001 3.853783E-002 -7.560620E-006
