$SPEC_ID:
This is spectrum 024
$SPEC_REM:
DET# 1
DETDESC# CK155-04 Easy-MCA-2k SN 12292282
AP# Maestro Version 7.01
$DATE_MEA:
02/17/2022 13:44:46
$MEAS_TIM:
59 60
$DATA:
0 2047
       0
       0
       0
       0
       0
       0
       0
       0
       0
       0
       0
       0
       0
       0
      22
      24
      22
      29
      31
      26
      39
      26
      26
      31
      45
      36
      37
      35
      36
      35
      41
      33
      50
      44
      50
      55
      52
      56
      70
      65
      67
      62
      78
      83
      76
      92
      72
     113
      95
      96
     105
     103
     117
     133
     121
     127
     136
     130
     132
     136
     137
     140
     148
     159
     169
     132
     187
     159
     168
     152
     147
     179
     153
     153
     155
     156
     157
     149
     166
     149
     135
     132
     144
     151
     135
     152
     136
     123
     134
     130
     150
     124
     126
     128
     147
     128
     132
     131
     137
     115
     140
     110
     126
     124
     124
     113
      95
     108
     114
     107
     101
      99
     101
      99
     103
     103
      75
     106
      90
      76
      90
      88
      97
     103
      92
      89
      97
      82
      90
      88
      87
      93
      76
      73
      97
      71
      72
      97
      85
      75
      91
      73
      86
      59
      63
      77
      81
      68
      88
      72
      87
      89
      73
      70
      64
      74
      67
      69
      63
      60
      63
      53
      52
      54
      68
      51
      59
      68
      62
      48
      59
      45
      54
      46
      50
      43
      46
      38
      45
      47
      29
      43
      32
      32
      46
      41
      45
      35
      38
      45
      38
      41
      41
      25
      31
      31
      51
      29
      35
      30
      35
      36
      36
      32
      32
      37
      32
      33
      27
      32
      44
      42
      37
      29
      24
      39
      28
      27
      34
      31
      31
      36
      27
      41
      24
      34
      38
      19
      28
      26
      23
      25
      27
      28
      23
      24
      21
      20
      21
      21
      22
      22
      29
      23
      28
      17
      18
      19
      21
      22
      20
      13
      26
      19
      23
      19
      32
      26
      18
      23
      12
      14
      25
      26
      19
      24
      15
      19
      28
      14
      28
      26
      23
      19
      26
      22
      14
      24
      20
      16
      10
      20
      13
      16
      25
      18
       9
      15
      16
      15
      23
      16
      21
      14
      17
      14
      26
      10
      20
      21
      16
      26
      20
      22
      14
      14
      23
      17
      25
      24
      13
      23
      18
      20
      32
      17
      12
      15
      20
      21
      15
      17
      20
      13
      21
       9
      19
      16
      15
      10
      12
      31
      13
      18
      17
      11
       8
      12
      15
      18
      15
      16
      16
      18
      14
      18
      15
      21
      15
      17
      17
       7
      14
      12
      16
      13
      16
      10
      18
      15
      14
      16
      20
      16
      11
      17
      10
      14
      15
      15
       9
      12
      13
       9
       8
      13
      15
      10
       9
       8
      16
      13
      11
      12
       4
      11
       9
      16
       5
      16
      12
      11
      10
      11
       9
      14
       8
       9
      13
       8
       9
       6
       8
      15
       7
       6
      14
       5
       9
      11
       9
      11
      13
       8
       8
      18
       6
      12
       6
       6
       9
       4
       8
      11
       5
      11
      11
      12
       8
      10
      10
       5
      13
       9
      10
       7
       7
       7
      11
      13
      13
      10
       7
       6
       4
      10
      12
      12
       7
       7
       6
       2
      14
       3
      10
       5
       7
      10
       6
       6
      17
       7
       5
       7
       7
       7
       8
       6
       9
       7
       9
       9
       5
       3
       5
       4
      11
       5
      10
      12
       8
       4
       7
      10
       7
      12
      10
      18
      14
      13
       9
       9
      12
       6
       9
      12
      17
      17
      14
       9
       6
      13
      13
      14
      15
      16
      10
      13
      15
      10
      10
      15
       8
      12
       8
      10
      17
      16
      12
       8
      14
      19
      12
       8
       7
      11
       7
       5
       7
       4
       6
       5
       6
       6
       2
       4
       7
       7
       4
       9
      10
       9
       7
       5
      12
       4
      10
       6
       6
       3
       5
      10
       6
       7
       4
       6
      13
       7
      10
       7
       9
       4
       2
       8
       8
       5
       8
       1
       7
       2
       4
       6
       9
       8
       7
       6
       5
       3
       7
       6
       3
       6
       5
      11
       5
       5
       8
       8
       7
      11
       2
       6
       7
       4
       4
       7
       8
      10
       7
       7
       5
       5
       7
       6
       6
       3
       4
       5
       8
       2
       2
       4
       4
       8
       6
       2
       2
       5
       4
       3
       3
       4
       2
       2
       8
       6
       6
       5
       6
       2
       5
       4
       4
       3
       5
       4
       1
       4
       5
       2
       6
       4
       6
       6
       4
       3
       5
       2
       6
       5
       3
       7
       3
       4
       5
       5
       1
       2
       7
       9
       5
       4
       3
       3
       3
       8
       3
       1
       4
       5
       4
       4
       2
       5
       0
       1
       2
       4
       3
       3
       7
       2
      10
      10
       6
       8
       4
       5
       6
       1
       3
       3
       2
       6
       4
       0
       2
       3
       2
       3
       3
       4
       3
       1
       6
       4
       2
       2
       3
       3
       2
       2
       2
       5
       2
       6
       1
       4
       5
       4
       5
       3
       3
       1
       1
       1
       3
       7
       3
       5
       3
       6
       1
       4
       6
       4
       4
       0
       4
       3
       6
       3
       0
       2
       2
       2
       2
       2
       0
       1
       1
       2
       1
       0
       2
       0
       0
       3
       3
       1
       1
       2
       3
       1
       5
       1
       2
       1
       1
       3
       3
       2
       2
       3
       0
       3
       2
       5
       2
       4
       7
       3
       3
       3
       2
       1
       6
       2
       2
       3
       6
       0
       1
       1
       3
       4
       2
       5
       5
       4
       2
       1
       1
       2
       2
       3
       1
       5
       4
       5
       2
       2
       3
       2
       3
       3
       6
       3
       3
       1
       7
       3
       6
       4
       2
       3
       0
       6
       2
       4
       3
       2
       3
       3
       6
       1
       2
       3
       3
       4
       3
       6
       6
       4
       4
       8
       3
       7
       8
       9
       8
       8
      11
       9
       7
      10
       7
      11
       9
       5
       7
      12
       6
       9
       5
       4
       6
       8
       7
       6
       4
       5
      11
       6
       5
       8
       3
       8
       6
       9
       2
       3
       7
       4
       3
       0
       3
       4
       1
       3
       1
       1
       2
       0
       4
       1
       1
       1
       0
       1
       0
       3
       1
       2
       1
       1
       0
       0
       0
       1
       1
       0
       0
       2
       2
       2
       2
       1
       1
       1
       2
       3
       2
       0
       2
       1
       1
       1
       0
       0
       3
       0
       0
       2
       1
       0
       2
       0
       0
       3
       1
       2
       0
       2
       2
       1
       1
       1
       0
       0
       0
       0
       1
       0
       0
       2
       1
       4
       0
       0
       0
       1
       0
       0
       0
       2
       0
       3
       2
       1
       0
       1
       0
       0
       0
       0
       1
       0
       0
       1
       1
       0
       0
       0
       0
       1
       1
       1
       1
       2
       1
       2
       1
       0
       0
       0
       2
       1
       0
       1
       0
       0
       1
       1
       2
       3
       1
       0
       0
       2
       3
       0
       1
       1
       0
       1
       3
       2
       1
       0
       1
       0
       1
       0
       0
       0
       1
       0
       0
       0
       2
       2
       2
       3
       1
       1
       1
       2
       2
       0
       0
       3
       1
       0
       0
       2
       0
       1
       1
       0
       3
       0
       0
       2
       1
       0
       3
       2
       1
       1
       1
       0
       2
       0
       1
       1
       4
       0
       4
       0
       0
       1
       3
       0
       0
       0
       2
       1
       1
       1
       0
       1
       2
       1
       0
       1
       1
       1
       1
       1
       0
       3
       1
       0
       1
       1
       3
       1
       0
       0
       0
       0
       0
       0
       1
       0
       1
       0
       2
       0
       0
       0
       0
       2
       1
       0
       0
       1
       2
       1
       0
       2
       1
       0
       0
       1
       3
       0
       1
       1
       0
       0
       0
       0
       2
       1
       1
       0
       0
       1
       0
       1
       1
       1
       0
       0
       0
       0
       0
       0
       0
       0
       1
       0
       1
       0
       0
       1
       0
       1
       0
       0
       0
       0
       0
       0
       0
       1
       0
       0
       0
       0
       0
       0
       0
       1
       1
       1
       0
       2
       0
       0
       0
       0
       0
       1
       1
       1
       0
       1
       0
       1
       1
       0
       0
       0
       0
       0
       0
       1
       1
       0
       1
       2
       0
       0
       0
       0
       0
       1
       0
       1
       1
       0
       0
       0
       1
       0
       1
       1
       0
       2
       0
       3
       2
       0
       0
       1
       3
       2
       0
       0
       0
       2
       0
       2
       1
       0
       1
       0
       1
       0
       1
       0
       0
       2
       1
       2
       1
       1
       1
       1
       0
       0
       1
       2
       0
       1
       0
       2
       0
       1
       3
       0
       0
       0
       0
       2
       0
       1
       0
       1
       0
       0
       1
       0
       1
       0
       1
       0
       1
       0
       0
       0
       0
       0
       0
       1
       3
       0
       0
       0
       1
       1
       1
       0
       1
       0
       1
       0
       0
       0
       0
       1
       2
       0
       0
       0
       2
       0
       1
       0
       1
       0
       1
       0
       0
       0
       1
       1
       1
       1
       1
       0
       1
       0
       1
       1
       0
       0
       1
       1
       0
       0
       0
       0
       1
       0
       3
       1
       3
       0
       0
       1
       1
       1
       0
       0
       0
       0
       0
       0
       0
       0
       1
       1
       1
       1
       0
       0
       0
       0
       0
       0
       0
       0
       1
       0
       0
       2
       0
       1
       0
       0
       1
       1
       2
       0
       1
       0
       0
       0
       0
       0
       0
       1
       1
       0
       0
       0
       0
       3
       0
       0
       0
       1
       1
       0
       1
       1
       0
       0
       1
       0
       0
       0
       0
       0
       1
       0
       0
       0
       0
       1
       0
       1
       0
       1
       0
       0
       0
       1
       0
       0
       0
       0
       0
       0
       0
       0
       0
       0
       1
       0
       1
       0
       0
       0
       1
       0
       0
       0
       0
       1
       0
       1
       1
       0
       0
       0
       0
       0
       0
       0
       0
       1
       0
       0
       0
       1
       0
       0
       0
       0
       0
       1
       0
       0
       0
       0
       1
       0
       0
       1
       0
       0
       0
       0
       0
       0
       0
       0
       0
       0
       0
       0
       0
       0
       0
       0
       0
       0
       0
       0
       1
       0
       0
       0
       0
       0
       0
       0
       0
       0
       1
       1
       0
       1
       0
       2
       0
       0
       2
       0
       0
       4
       2
       1
       0
       2
       1
       0
       0
       1
       2
       0
       1
       0
       1
       2
       1
       1
       0
       1
       0
       1
       1
       3
       1
       0
       1
       1
       1
       0
       0
       0
       1
       2
       2
       2
       2
       1
       0
       1
       0
       0
       1
       0
       0
       1
       2
       0
       1
       0
       0
       2
       0
       2
       0
       0
       0
       1
       0
       1
       0
       0
       0
       0
       0
       0
       0
       3
       0
       1
       1
       0
       0
       0
       1
       0
       0
       0
       0
       0
       0
       1
       0
       0
       1
       0
       1
       0
       0
       0
       0
       1
       0
       0
       0
       0
       2
       2
       0
       1
       0
       0
       0
       0
       0
       1
       0
       1
       1
       0
       1
       1
       0
       0
       0
       1
       0
       0
       1
       1
       0
       0
       0
       0
       1
       0
       0
       0
       0
       0
       0
       1
       0
       0
       0
       0
       0
       0
       0
       0
       0
       0
       0
       0
       0
       0
       0
       0
       0
       0
       0
       0
       1
       0
       0
       0
       0
       0
       0
       0
       0
       0
       0
       0
       0
       0
       0
       0
       0
       0
       0
       0
       0
       0
       1
       1
       0
       0
       0
       0
       0
       0
       0
       0
       0
       0
       0
       0
       0
       0
       0
       0
       0
       0
       0
       0
       0
       0
       0
       0
       0
       0
       0
       0
       0
       0
       0
       0
       0
       0
       0
       0
       0
       1
       0
       0
       0
       0
       0
       0
       0
       0
       0
       0
       0
       0
       0
       1
       0
       0
       0
       0
       0
       0
       0
       0
       0
       0
       0
       0
       0
       0
       0
       1
       0
       0
       0
       0
       0
       0
       0
       0
       0
       0
       0
       0
       0
       0
       0
       0
       0
       0
       0
       0
       0
       0
       0
       0
       0
       0
       0
       0
       0
       0
       0
       0
       0
       0
       0
       0
       0
       0
       0
       0
       0
       0
       0
       0
       0
       0
       0
       0
       0
       0
       0
       0
       0
       0
       0
       0
       0
       0
       0
       0
       0
       0
       0
       0
       0
       0
       0
       0
       0
       0
       0
       0
       0
       0
       0
       0
       0
       0
       0
       0
       0
       0
       0
       0
       0
       0
       0
       0
       0
       0
       0
       0
       0
       0
       0
       0
       0
       0
       0
       0
       0
       0
       0
       1
       0
       0
       0
       0
       0
       0
       0
       0
       0
       0
       0
       0
       0
       0
       0
       0
       0
       0
       0
       0
       0
       0
       0
       0
       0
       0
       0
       0
       0
       0
       0
       0
       0
       0
       0
       0
       0
       0
       0
       0
       0
       0
       0
       0
       0
       0
       0
       0
       0
       0
       0
       0
       0
       0
       0
       0
       0
       0
       0
       0
       0
       0
       0
       0
       0
       0
       0
       0
       0
       0
       0
       0
       0
       0
       0
       0
       0
       0
       0
       0
       0
       0
       0
       0
       0
       0
       0
       0
       0
       0
       0
       0
       0
       0
       0
       0
       0
       0
       0
       0
       0
       0
       0
       0
       0
       0
       0
       0
       0
       0
       0
       0
       0
       0
       0
       0
       0
       0
       0
       0
       0
       0
       0
       0
       0
       0
       0
       0
       0
       0
       0
       0
       0
       0
       0
       0
       0
       0
       0
       0
       0
       0
       0
       0
       0
       0
       0
       0
       0
       0
       0
       0
       0
       0
       0
       0
       0
       0
       0
       0
       0
       0
       0
       0
       0
       0
       0
       0
       0
       0
       0
       0
       0
       0
       0
       0
       0
       0
       0
       0
       0
       0
       0
       0
       0
       0
$ROI:
5
471 536
564 647
763 844
1001 1090
1573 1669
$PRESETS:
Real Time
60
0
$ENER_FIT:
-20.212013 1.714672
$MCA_CAL:
3
-2.021201E+001 1.714672E+000 4.288640E-006 keV
$SHAPE_CAL:
3
1.158210E+001 3.853783E-002 -7.560620E-006
