$SPEC_ID:
This is spectrum 012
$SPEC_REM:
DET# 1
DETDESC# CK155-04 Easy-MCA-2k SN 12292282
AP# Maestro Version 7.01
$DATE_MEA:
02/17/2022 13:32:30
$MEAS_TIM:
59 60
$DATA:
0 2047
       0
       0
       0
       0
       0
       0
       0
       0
       0
       0
       0
       0
       0
       1
      26
      30
      19
      26
      29
      28
      37
      31
      32
      34
      36
      37
      38
      36
      26
      39
      48
      37
      34
      60
      47
      57
      60
      62
      63
      64
      66
      68
      99
      79
      94
     107
      84
     103
     104
     121
     107
     126
     127
     107
     145
     118
     129
     117
     149
     155
     150
     158
     147
     156
     150
     170
     151
     159
     164
     139
     155
     150
     161
     148
     151
     127
     157
     141
     128
     148
     130
     147
     158
     158
     161
     143
     148
     145
     130
     153
     147
     133
     146
     141
     133
     141
     141
     129
     128
     142
     137
     126
     129
     113
     128
     147
     118
     111
     126
     104
     123
     100
     123
     101
     108
     119
     134
     104
     106
      86
     106
     119
      87
      93
      91
      85
     107
      87
      80
      84
      75
      84
      76
      88
      87
      84
      88
      71
      89
      78
      79
      77
      72
      83
     101
      80
      80
      85
      76
      87
      68
      74
      61
      67
      65
      63
      67
      74
      54
      74
      66
      59
      67
      53
      68
      54
      41
      53
      53
      59
      50
      49
      54
      40
      51
      47
      60
      39
      59
      48
      43
      40
      51
      58
      38
      49
      30
      46
      35
      30
      48
      50
      50
      35
      44
      36
      39
      40
      33
      46
      35
      37
      43
      37
      51
      39
      40
      41
      27
      41
      45
      40
      23
      34
      27
      37
      31
      35
      27
      34
      23
      35
      31
      34
      27
      31
      34
      27
      27
      29
      22
      37
      28
      20
      29
      28
      27
      31
      24
      23
      27
      23
      21
      24
      23
      16
      23
      18
      26
      12
      20
      31
      24
      23
      17
      31
      24
      15
      16
      19
      32
      23
      18
      19
      16
      15
      26
      16
      18
      21
      26
      22
      20
      16
      23
      19
      19
      23
      28
      17
      24
      20
      17
      18
      14
      23
      14
      22
      24
      17
      19
      23
      19
      18
      19
      11
       9
      23
      26
      18
      23
      17
      15
      15
      16
      10
      16
      13
      14
      20
      23
      21
      26
      19
      30
      22
      19
      17
      13
      16
      19
      14
      18
      14
      16
      15
      14
      18
      16
      11
       8
      17
      15
      17
      11
      18
      11
      10
      11
      21
      13
      10
      18
      19
      14
      16
      19
      13
      20
      11
      26
      24
      20
      13
      20
      17
      16
      15
      16
      19
      16
      13
      14
      14
      13
      16
      12
      19
      12
      16
      12
      14
      13
      24
      13
       5
      16
      18
      16
       8
      15
      18
       9
       7
       9
      11
      13
      13
       9
      11
       6
      19
       6
      16
      11
       7
      13
       5
       5
      12
      10
       9
       5
      10
      11
       7
       6
       7
       8
       5
       3
       7
      10
       7
      13
       5
      11
      14
      11
       6
      10
      10
      14
      14
      10
      11
      15
       8
      14
      10
       9
       7
      16
      13
       7
      10
      11
      10
       7
      11
       4
       8
       2
       6
       7
       8
       4
       8
      10
       9
      11
      13
      10
      15
       8
      12
       9
       5
       6
       6
      16
       9
       8
       9
       9
       7
       4
       6
      12
       6
      12
       8
      11
       2
       7
      11
       6
       5
       6
      15
      13
      10
      21
      11
      12
       7
      12
      11
      10
      12
      16
      16
      16
      21
      18
      15
      17
      18
      22
      15
      27
      29
      27
      25
      19
      25
      29
      16
      22
      19
      19
      11
      26
      21
      18
      13
      15
      18
      15
      21
      13
       9
       7
      13
       8
      10
       7
      13
      12
      12
      12
       9
       9
       3
       5
       9
       7
       8
       4
       9
      11
       4
       6
       4
       6
       5
       3
       7
       8
       4
       5
       7
       8
      11
       4
      11
       8
       5
       8
       6
       4
       4
       4
       4
       1
       7
       3
       5
       3
       4
       6
       4
       7
       2
      10
       8
       9
       4
       8
       7
       2
       3
       5
       8
       6
      11
       4
       5
       9
       5
       8
       6
       9
       5
       9
      11
      10
       7
      11
      11
      13
       3
      10
      11
      11
       6
       8
       7
       4
      11
       9
       9
       5
       4
      10
       2
       6
       6
       6
       5
       7
       4
       5
       6
       5
       4
       8
       3
       4
       5
       4
       3
       7
       6
       3
       0
       6
       8
       5
       4
       2
       6
       4
       6
       9
       2
       4
       5
       5
       7
       2
       5
       4
       6
       3
       5
       7
       9
       4
      11
       4
       7
       2
       9
       2
       7
       3
       2
       9
       3
       6
      10
       1
       3
       3
       3
       0
       7
       6
       4
       7
       6
       4
       4
       4
       5
       3
       7
       4
       2
       2
       3
       4
       3
       2
       1
       9
       4
       6
       5
       4
       1
       3
       3
       4
       1
       6
       4
       5
       0
       8
       4
       4
       5
      10
       5
       3
       4
       1
       3
       2
       3
       4
       9
       3
       2
       6
       2
       2
       6
       2
       2
       4
       2
       2
       3
       3
       6
       4
       5
       3
       4
       3
       1
       4
       3
       2
       2
       1
       1
       4
       4
       4
       5
       2
       1
       3
       2
       4
       1
       4
       1
       2
       2
       5
       4
       4
       7
       4
       3
       4
       5
       3
       3
       1
       1
       1
       3
       2
       1
       2
       3
       3
       4
       1
       2
       1
       4
       2
       1
       5
       3
       7
       2
       3
       2
       2
       5
       5
       0
       1
       2
       2
       3
       1
       1
       4
       1
       2
       2
       7
       2
       3
       2
       4
       5
       1
       4
       4
       3
       4
       3
       3
       4
       6
       5
       6
       6
       4
       2
       4
       6
       2
       6
       6
       7
       3
       6
       6
       9
       4
       6
       6
       5
       5
       3
      11
       2
      10
       7
       8
       5
       6
       8
       7
       8
      12
       6
       7
       8
       7
      10
       7
       8
      10
      10
       9
      10
       9
       4
       8
       8
      12
       5
       4
      10
       7
       9
       6
       9
       4
       9
      11
       2
       2
       5
       5
       3
       6
       4
       0
       5
       4
       2
       3
       1
       1
       5
       1
       1
       3
       1
       4
       3
       1
       2
       1
       0
       2
       1
       0
       2
       1
       3
       1
       1
       2
       2
       2
       1
       0
       1
       1
       0
       0
       1
       2
       0
       2
       1
       1
       1
       0
       2
       2
       0
       1
       2
       1
       1
       0
       1
       1
       1
       3
       0
       1
       0
       1
       1
       1
       1
       1
       1
       0
       0
       0
       2
       0
       1
       0
       1
       2
       0
       0
       1
       0
       2
       0
       2
       1
       0
       0
       1
       1
       0
       1
       0
       0
       1
       2
       1
       2
       1
       0
       1
       0
       0
       2
       1
       0
       1
       0
       5
       0
       0
       1
       0
       0
       0
       1
       1
       3
       0
       0
       1
       2
       0
       1
       0
       0
       2
       2
       1
       2
       1
       1
       2
       2
       2
       0
       0
       3
       1
       1
       0
       1
       2
       2
       4
       1
       3
       2
       3
       2
       2
       1
       1
       2
       3
       1
       1
       6
       3
       3
       6
       2
       1
       3
       3
       4
       3
       3
       2
       3
       1
       2
       1
       1
       5
       3
       3
       3
       2
       2
       2
       3
       6
       2
       0
       0
       2
       4
       1
       2
       1
       1
       0
       0
       3
       1
       0
       3
       0
       1
       2
       0
       1
       0
       0
       1
       0
       1
       0
       1
       0
       0
       2
       1
       3
       1
       1
       2
       0
       0
       1
       0
       1
       0
       0
       3
       0
       0
       0
       2
       1
       2
       0
       2
       1
       0
       0
       1
       1
       0
       0
       1
       0
       0
       1
       0
       0
       1
       0
       0
       0
       0
       0
       1
       0
       0
       2
       0
       0
       1
       1
       0
       1
       0
       0
       0
       1
       0
       0
       0
       1
       1
       0
       0
       0
       0
       0
       0
       0
       1
       0
       0
       0
       0
       1
       0
       0
       0
       0
       0
       0
       0
       1
       0
       1
       2
       1
       0
       1
       2
       0
       0
       1
       0
       0
       1
       0
       0
       1
       0
       0
       0
       1
       0
       1
       1
       0
       2
       3
       0
       0
       1
       1
       1
       0
       2
       0
       0
       1
       1
       0
       0
       0
       1
       0
       0
       1
       0
       1
       1
       0
       0
       0
       0
       2
       0
       0
       1
       2
       1
       0
       0
       0
       1
       1
       2
       2
       1
       1
       4
       2
       1
       1
       3
       2
       3
       0
       0
       0
       0
       2
       0
       2
       0
       2
       0
       1
       0
       1
       0
       1
       2
       0
       0
       2
       2
       0
       1
       0
       0
       0
       3
       1
       0
       2
       1
       0
       1
       0
       0
       1
       0
       1
       0
       2
       1
       0
       0
       0
       0
       0
       1
       0
       0
       1
       1
       1
       1
       0
       1
       1
       0
       0
       1
       0
       2
       2
       1
       0
       0
       1
       2
       2
       0
       1
       1
       1
       1
       1
       2
       1
       2
       0
       2
       0
       0
       0
       0
       0
       0
       0
       1
       1
       0
       1
       0
       1
       0
       0
       0
       0
       0
       1
       3
       3
       1
       0
       0
       1
       0
       0
       0
       1
       0
       0
       0
       1
       0
       1
       0
       0
       1
       0
       0
       1
       1
       0
       0
       1
       0
       1
       2
       0
       0
       0
       0
       0
       0
       0
       0
       1
       0
       0
       0
       0
       0
       0
       0
       0
       2
       0
       1
       1
       1
       0
       1
       0
       0
       0
       0
       1
       1
       1
       0
       0
       0
       0
       0
       1
       0
       0
       0
       0
       0
       1
       0
       0
       1
       0
       0
       0
       0
       0
       0
       0
       0
       0
       1
       0
       0
       1
       1
       0
       1
       0
       1
       0
       0
       1
       0
       2
       1
       0
       0
       1
       1
       2
       0
       0
       0
       0
       0
       0
       0
       0
       0
       1
       0
       1
       0
       0
       0
       1
       0
       0
       0
       0
       0
       1
       0
       0
       0
       0
       0
       0
       1
       0
       1
       1
       0
       1
       0
       0
       1
       1
       1
       0
       0
       0
       1
       0
       0
       1
       1
       1
       1
       1
       0
       0
       0
       0
       1
       0
       1
       0
       0
       0
       0
       0
       0
       2
       0
       0
       0
       1
       0
       1
       0
       0
       0
       0
       0
       1
       1
       3
       1
       3
       1
       1
       0
       0
       0
       1
       1
       2
       2
       2
       1
       0
       0
       0
       2
       1
       2
       1
       1
       0
       2
       1
       1
       2
       0
       2
       0
       1
       0
       1
       1
       0
       0
       0
       0
       0
       1
       0
       0
       1
       1
       0
       0
       0
       0
       2
       0
       1
       0
       1
       0
       0
       0
       0
       0
       0
       0
       0
       0
       1
       0
       0
       0
       0
       1
       2
       0
       0
       0
       0
       0
       1
       0
       0
       3
       0
       1
       0
       1
       0
       0
       0
       0
       0
       2
       0
       0
       1
       1
       1
       0
       0
       1
       0
       0
       1
       0
       0
       0
       0
       1
       0
       0
       1
       1
       0
       1
       0
       1
       0
       0
       1
       0
       0
       0
       1
       1
       0
       1
       0
       0
       0
       0
       0
       0
       0
       0
       0
       0
       0
       1
       0
       0
       0
       0
       0
       0
       0
       1
       0
       0
       0
       0
       0
       0
       0
       0
       1
       0
       0
       0
       0
       0
       0
       0
       0
       0
       0
       0
       0
       0
       0
       0
       0
       0
       0
       0
       0
       0
       0
       0
       0
       0
       0
       0
       0
       0
       0
       0
       0
       0
       0
       0
       0
       0
       1
       0
       0
       0
       0
       0
       0
       0
       0
       0
       1
       0
       0
       0
       0
       0
       0
       0
       0
       0
       1
       1
       0
       0
       0
       0
       0
       0
       0
       0
       0
       0
       0
       0
       0
       0
       0
       0
       0
       0
       0
       0
       0
       0
       0
       0
       0
       0
       0
       0
       0
       0
       0
       0
       0
       0
       0
       0
       0
       0
       0
       0
       0
       0
       0
       0
       0
       0
       0
       0
       0
       0
       0
       0
       0
       0
       0
       0
       0
       0
       0
       0
       0
       0
       1
       0
       0
       0
       0
       0
       0
       0
       0
       0
       0
       0
       0
       0
       0
       0
       0
       0
       0
       0
       0
       0
       0
       0
       0
       0
       0
       0
       0
       0
       0
       0
       0
       0
       0
       0
       0
       0
       0
       0
       0
       0
       0
       0
       0
       0
       0
       0
       0
       0
       0
       0
       0
       0
       0
       0
       0
       0
       0
       0
       0
       0
       0
       0
       0
       0
       0
       0
       0
       0
       0
       0
       0
       0
       0
       0
       0
       0
       0
       0
       0
       0
       0
       0
       0
       0
       0
       0
       0
       0
       0
       0
       0
       0
       0
       0
       0
       0
       0
       0
       0
       0
       0
       0
       0
       0
       0
       0
       0
       0
       0
       0
       0
       0
       0
       0
       0
       0
       0
       0
       0
       0
       0
       0
       0
       0
       0
       0
       0
       0
       0
       0
       0
       0
       0
       0
       0
       0
       0
       0
       0
       0
       0
       0
       0
       0
       0
       0
       0
       0
       0
       0
       0
       0
       0
       0
       0
       0
       0
       0
       0
       0
       0
       0
       0
       0
       0
       0
       0
       0
       0
       0
       0
       0
       0
       0
       0
       0
       0
       0
       0
       0
       0
       0
       0
       0
       0
       0
       0
       0
       0
       0
       0
       0
       0
       0
       0
       0
       0
       0
       0
       0
       0
       0
       0
       0
       0
       0
       0
       0
       0
       0
       0
       0
       0
       0
       0
       0
       0
       0
       0
       0
       0
       0
       0
       0
       0
       0
       0
       0
       0
       0
       0
       0
       0
       0
       0
       0
       0
       0
       0
       0
       0
       0
       0
       0
       0
$ROI:
5
471 536
564 647
763 844
1001 1090
1573 1669
$PRESETS:
Real Time
60
0
$ENER_FIT:
-20.212013 1.714672
$MCA_CAL:
3
-2.021201E+001 1.714672E+000 4.288640E-006 keV
$SHAPE_CAL:
3
1.158210E+001 3.853783E-002 -7.560620E-006
