$SPEC_ID:
This is spectrum 019
$SPEC_REM:
DET# 1
DETDESC# CK155-04 Easy-MCA-2k SN 12292282
AP# Maestro Version 7.01
$DATE_MEA:
02/17/2022 13:39:39
$MEAS_TIM:
59 60
$DATA:
0 2047
       0
       0
       0
       0
       0
       0
       0
       0
       0
       0
       0
       0
       0
       0
      22
      26
      18
      32
      40
      24
      36
      31
      28
      28
      34
      40
      31
      31
      40
      43
      50
      43
      59
      45
      35
      73
      49
      58
      49
      54
      75
      65
      82
      69
      77
      88
     112
      93
     108
     124
     138
     111
     134
     127
     141
     143
     137
     131
     146
     161
     132
     172
     152
     165
     152
     141
     153
     153
     159
     112
     130
     171
     147
     137
     143
     133
     152
     141
     119
     135
     148
     168
     146
     150
     134
     149
     145
     159
     125
     134
     130
     120
     120
     125
     125
     133
     134
     148
     120
     124
     130
     136
     102
     116
     132
     116
      99
     117
     116
      97
     100
     126
      92
     113
     102
     104
      87
     107
      94
     101
      93
      87
     100
      93
      96
      91
      91
      85
      79
      93
      88
      87
      86
      77
      84
      75
      81
      93
      72
      81
      79
      96
      79
      83
      88
      71
      76
      65
      85
      78
      74
      60
      82
      60
      60
      69
      57
      65
      48
      57
      66
      66
      65
      59
      49
      61
      59
      59
      59
      49
      55
      57
      53
      44
      57
      58
      53
      43
      54
      38
      52
      46
      49
      43
      38
      37
      47
      43
      45
      35
      53
      36
      41
      43
      33
      42
      33
      56
      35
      39
      60
      45
      42
      41
      43
      26
      41
      37
      43
      32
      40
      38
      32
      37
      35
      34
      31
      36
      27
      38
      23
      36
      25
      25
      30
      29
      35
      28
      30
      28
      22
      32
      29
      27
      28
      26
      32
      22
      29
      35
      26
      18
      21
      27
      28
      22
      16
      21
      13
      30
      16
      31
      15
      22
      21
      20
      24
      15
      21
      23
      26
      22
      17
      24
      19
      17
      17
      23
      18
      34
      16
      20
      24
      15
      21
      22
      13
      20
      24
      23
      21
      14
      24
      19
      22
      17
      23
      31
      22
      21
      21
      20
      23
      18
      14
      14
      22
      18
      18
      19
      20
      16
       8
      12
      29
      23
      20
      25
      18
      16
      15
      20
      17
      12
      16
      16
      17
      20
      13
      16
      18
      13
      10
      19
      11
      18
      13
      12
      25
      13
      13
      14
      16
      21
      13
      13
      15
      10
       5
      16
      12
       4
      11
       7
      12
      19
      16
      16
      15
      13
      14
      10
      19
      15
       9
      12
      15
      17
      14
      21
      16
      18
      13
      15
       8
      20
      15
      18
      16
      10
      14
      11
      11
      10
      22
      14
      10
       6
      11
       7
       8
       9
      11
      11
       7
      19
      12
      10
       8
       8
      15
      10
      10
      10
      15
      13
       8
       4
      13
       7
      10
       7
       6
       6
      10
       8
       8
      10
       9
       9
      11
       6
       4
       8
       2
      14
       5
       9
      10
      12
      13
       2
      11
       9
      10
       6
       9
      11
      11
       6
       8
       8
       8
       6
       6
      13
       7
       8
       7
       6
       2
       3
       4
      11
       6
       5
       6
       7
       5
       9
      14
       5
       8
       9
       4
       8
       5
       2
      10
       6
      10
       7
       3
       9
       7
       8
       7
      12
       8
       3
       5
       2
       4
       9
      10
       6
       9
       4
       8
       6
      10
       7
       7
       7
      16
      12
      15
      10
      17
      10
       7
      14
      12
      20
       9
      14
      21
      20
      21
      11
      16
      17
      15
      17
      20
      15
      16
      18
      18
      22
      20
      17
      20
      15
      12
      14
      14
      10
      11
      10
       9
      10
       9
      12
       7
       7
       7
      14
       7
       8
       6
       9
      11
       5
       7
       9
       7
       7
      12
       8
       7
       4
      11
       7
       7
       8
       7
       9
       6
       5
       6
       7
       1
       9
       5
       8
       7
       9
       4
       6
       5
       5
       8
       3
       1
       5
       7
       4
       6
       8
       9
       7
       5
       5
      11
       5
       7
       7
       9
      13
       4
       2
       8
       5
       6
       7
       6
       8
       4
       5
       3
       6
       4
       4
       6
       5
       6
       8
       6
       6
       8
       7
       8
       9
       9
       7
       8
       3
       8
      10
       3
       7
       3
       6
       8
       2
       4
       7
       3
       1
       6
       7
       8
       3
       5
       3
       2
       5
       5
       2
       6
       5
       1
       5
       6
       2
       3
       5
       4
       6
       1
       2
       1
       5
       2
       4
       5
       5
       6
       4
       4
       1
       6
       4
       4
       5
       1
       2
       3
       2
       6
       3
       4
       5
       6
       3
       5
       4
       5
       8
       5
       2
       4
       5
       1
       4
       3
       3
       2
       2
       6
       5
       3
       5
       6
       4
       3
       5
       5
       2
       0
       2
       3
       2
       3
       1
       5
       4
       3
       3
       5
       4
       6
       7
       3
       2
       5
       2
       4
       6
       4
       3
       3
       2
       3
       4
       1
       2
       3
       5
       6
       2
       2
       3
       3
       4
       2
       4
       0
       4
       1
       4
       3
       0
       0
       1
       3
       4
       5
       3
       3
       4
       1
       3
       3
       2
       1
       2
       7
       2
       3
       3
       2
       3
       2
       3
       0
       0
       4
       5
       1
       1
       3
       0
       4
       2
       2
       3
       2
       0
       0
       1
       2
       1
       3
       4
       3
       3
       1
       3
       2
       3
       6
       1
       0
       3
       2
       0
       3
       2
       3
       7
       2
       1
       2
       2
       1
       3
       3
       5
       2
       2
       3
       3
       2
       1
       2
       2
       2
       4
       4
       3
       2
       6
       2
       4
       2
       0
       5
       5
       2
       6
      11
       1
       3
       1
       4
       3
       3
       3
       4
       6
       2
       3
       4
       3
       6
       5
       5
       3
       9
       5
       5
       8
       9
       6
       6
       4
       5
       7
       9
       9
       9
       9
      17
       4
       5
      12
       7
      10
      11
       6
      10
       6
      10
       7
       8
       6
      10
       5
      13
       5
       3
       9
       6
       9
       7
       5
       8
       4
       1
       2
       7
       5
       4
       4
       1
       4
       1
       3
       1
       1
       3
       3
       1
       1
       3
       1
       2
       1
       1
       2
       2
       0
       0
       0
       0
       1
       0
       2
       1
       0
       3
       3
       0
       0
       0
       2
       0
       3
       0
       2
       1
       3
       2
       2
       0
       0
       0
       1
       1
       0
       1
       2
       0
       1
       0
       1
       1
       2
       0
       1
       0
       0
       1
       1
       1
       1
       0
       2
       2
       1
       0
       1
       0
       0
       0
       2
       0
       0
       2
       0
       2
       0
       0
       1
       0
       2
       0
       0
       0
       2
       0
       1
       0
       0
       1
       0
       0
       1
       4
       1
       2
       0
       0
       0
       2
       0
       0
       1
       0
       0
       1
       1
       0
       0
       0
       0
       1
       3
       0
       3
       0
       2
       0
       0
       0
       1
       0
       1
       0
       0
       2
       2
       1
       3
       2
       0
       0
       1
       1
       0
       0
       3
       1
       1
       0
       3
       1
       0
       1
       2
       0
       2
       0
       2
       0
       1
       2
       1
       3
       1
       1
       4
       3
       0
       2
       3
       1
       1
       3
       0
       0
       0
       0
       1
       3
       4
       1
       1
       3
       2
       2
       1
       2
       2
       2
       2
       2
       2
       0
       0
       0
       0
       2
       1
       1
       0
       0
       3
       3
       1
       0
       0
       0
       1
       3
       1
       0
       2
       0
       1
       0
       0
       1
       0
       0
       2
       1
       1
       1
       1
       0
       1
       1
       0
       0
       3
       0
       0
       0
       1
       0
       0
       0
       1
       0
       0
       0
       1
       0
       0
       2
       1
       0
       0
       1
       0
       1
       0
       2
       0
       0
       0
       0
       1
       0
       0
       1
       1
       0
       1
       0
       1
       0
       0
       1
       0
       2
       1
       0
       0
       0
       0
       0
       0
       0
       3
       1
       1
       0
       0
       0
       1
       1
       0
       0
       0
       0
       0
       0
       1
       0
       1
       0
       1
       1
       1
       0
       0
       2
       0
       0
       2
       3
       1
       1
       1
       1
       0
       0
       0
       0
       1
       0
       0
       0
       0
       2
       0
       0
       1
       1
       1
       0
       1
       0
       1
       2
       0
       2
       0
       0
       0
       0
       1
       0
       1
       1
       2
       1
       0
       0
       0
       1
       1
       1
       2
       1
       1
       0
       1
       0
       1
       0
       1
       1
       1
       0
       2
       0
       1
       0
       1
       1
       1
       0
       1
       1
       0
       0
       2
       0
       0
       2
       0
       1
       0
       0
       1
       1
       1
       0
       0
       0
       0
       1
       0
       1
       0
       2
       2
       1
       3
       0
       1
       0
       0
       0
       0
       0
       1
       1
       0
       1
       1
       0
       2
       0
       1
       1
       0
       1
       1
       1
       0
       1
       0
       1
       1
       0
       2
       1
       1
       0
       0
       2
       1
       0
       3
       0
       1
       0
       0
       1
       1
       2
       2
       0
       1
       1
       0
       0
       1
       0
       0
       1
       0
       2
       0
       0
       1
       1
       0
       2
       3
       1
       1
       0
       1
       3
       0
       3
       3
       1
       0
       0
       1
       2
       1
       0
       0
       1
       0
       0
       0
       2
       0
       1
       0
       2
       0
       0
       1
       0
       0
       0
       0
       1
       0
       0
       2
       0
       0
       0
       1
       0
       0
       1
       0
       1
       0
       0
       1
       0
       0
       2
       0
       0
       1
       0
       2
       0
       0
       0
       0
       0
       0
       0
       0
       0
       0
       0
       0
       1
       0
       0
       0
       0
       0
       1
       1
       0
       0
       0
       0
       0
       1
       0
       0
       0
       0
       0
       1
       1
       0
       0
       0
       1
       0
       0
       0
       0
       0
       0
       0
       1
       1
       1
       0
       0
       0
       0
       0
       0
       0
       0
       0
       0
       1
       0
       1
       0
       0
       0
       0
       0
       0
       0
       0
       0
       0
       1
       0
       0
       0
       1
       0
       1
       1
       0
       0
       0
       0
       0
       0
       1
       1
       0
       0
       1
       0
       0
       0
       0
       1
       0
       0
       0
       1
       1
       0
       0
       1
       0
       0
       0
       2
       0
       0
       0
       1
       0
       1
       1
       2
       0
       0
       0
       0
       1
       1
       1
       0
       3
       0
       1
       1
       2
       1
       0
       0
       0
       1
       1
       0
       2
       3
       0
       5
       2
       1
       0
       1
       0
       1
       0
       2
       2
       1
       0
       1
       0
       1
       3
       0
       0
       2
       0
       2
       1
       2
       1
       1
       1
       0
       1
       0
       3
       1
       0
       0
       2
       2
       0
       0
       0
       1
       0
       0
       0
       0
       1
       0
       0
       1
       1
       0
       1
       0
       0
       0
       0
       1
       0
       0
       1
       1
       1
       0
       0
       0
       0
       0
       0
       1
       1
       0
       1
       1
       1
       0
       0
       0
       0
       0
       0
       0
       0
       0
       0
       0
       1
       0
       0
       1
       0
       0
       1
       1
       1
       0
       0
       1
       0
       1
       0
       2
       3
       0
       0
       0
       0
       0
       1
       0
       0
       1
       0
       0
       1
       0
       0
       0
       1
       0
       0
       1
       0
       1
       0
       0
       0
       1
       0
       0
       0
       0
       0
       0
       0
       0
       0
       0
       0
       0
       0
       0
       0
       0
       0
       0
       0
       0
       0
       0
       0
       0
       0
       0
       0
       0
       0
       0
       1
       0
       0
       0
       0
       0
       0
       1
       0
       0
       0
       0
       0
       0
       0
       0
       0
       0
       0
       0
       0
       0
       0
       0
       0
       0
       0
       0
       1
       0
       0
       0
       0
       0
       0
       0
       0
       0
       0
       0
       0
       0
       0
       0
       0
       0
       0
       0
       1
       0
       1
       0
       0
       0
       0
       0
       0
       0
       0
       0
       0
       0
       0
       0
       0
       0
       0
       1
       0
       0
       1
       0
       0
       0
       0
       0
       0
       0
       0
       0
       0
       0
       0
       0
       0
       0
       0
       0
       0
       0
       0
       0
       0
       0
       0
       0
       0
       0
       0
       0
       0
       0
       0
       0
       0
       0
       0
       0
       0
       0
       0
       0
       0
       0
       0
       0
       0
       0
       0
       0
       0
       0
       0
       0
       0
       0
       0
       0
       0
       0
       0
       0
       0
       0
       0
       0
       0
       0
       0
       0
       0
       0
       0
       0
       0
       0
       0
       0
       0
       0
       0
       0
       0
       0
       0
       0
       0
       0
       0
       0
       0
       0
       0
       0
       0
       0
       0
       0
       0
       0
       0
       0
       0
       0
       0
       0
       0
       0
       0
       0
       0
       0
       0
       0
       0
       0
       0
       0
       0
       0
       0
       0
       0
       0
       0
       0
       0
       0
       0
       0
       0
       0
       0
       0
       0
       0
       0
       0
       0
       0
       0
       0
       0
       0
       0
       0
       0
       0
       0
       0
       0
       0
       0
       0
       0
       0
       0
       0
       0
       0
       0
       0
       0
       0
       0
       0
       0
       0
       0
       0
       0
       0
       0
       0
       0
       0
       0
       0
       0
       0
       0
       0
       0
       0
       0
       0
       0
       0
       0
       0
       0
       0
       0
       0
       0
       0
       0
       0
       0
       0
       0
       0
       0
       0
       0
       0
       0
       0
       0
       0
       0
       0
       0
       0
       0
       0
       0
       0
       0
       0
       0
       0
       0
       0
       0
       0
       0
       0
       0
       0
       0
       0
       0
       0
       0
       0
       0
       0
       0
       0
       0
       0
       0
       0
       0
       0
       0
       0
       0
       0
       0
       0
       0
       0
       0
       0
       0
       0
       0
       0
       0
       0
       0
       0
       0
       0
       0
       0
       0
       0
       0
       0
       0
       0
       0
       0
       0
       0
       0
       0
       0
       0
       0
       0
       0
       0
       0
       0
       0
       0
       0
       0
       0
       0
$ROI:
5
471 536
564 647
763 844
1001 1090
1573 1669
$PRESETS:
Real Time
60
0
$ENER_FIT:
-20.212013 1.714672
$MCA_CAL:
3
-2.021201E+001 1.714672E+000 4.288640E-006 keV
$SHAPE_CAL:
3
1.158210E+001 3.853783E-002 -7.560620E-006
