$SPEC_ID:
This is spectrum 006
$SPEC_REM:
DET# 1
DETDESC# CK155-04 Easy-MCA-2k SN 12292282
AP# Maestro Version 7.01
$DATE_MEA:
02/17/2022 13:26:21
$MEAS_TIM:
59 60
$DATA:
0 2047
       0
       0
       0
       0
       0
       0
       0
       0
       0
       0
       0
       0
       0
       1
      24
      31
      22
      40
      38
      31
      36
      41
      32
      36
      24
      50
      32
      41
      50
      48
      48
      56
      55
      55
      60
      71
      46
      71
      75
      81
      80
     118
      81
     112
     111
     116
      99
     111
     111
     102
     144
     149
     118
     151
     126
     121
     145
     147
     173
     173
     161
     162
     144
     173
     155
     170
     141
     160
     141
     177
     160
     179
     183
     146
     138
     171
     157
     168
     172
     171
     143
     158
     141
     177
     154
     161
     144
     167
     147
     131
     167
     147
     152
     150
     150
     127
     129
     141
     120
     134
     149
     121
     130
     120
     124
     137
     138
     112
     122
     122
     126
     106
     109
     107
     123
     104
     122
     113
      86
     110
      94
     113
      88
     101
      95
     100
      91
      91
     104
      93
     104
     102
      88
      79
      97
      82
      81
      85
     104
     113
      92
      96
      70
      91
      85
      96
      96
      83
      63
      79
      79
      77
      68
      79
      81
      62
      63
      68
      73
      68
      71
      68
      60
      68
      66
      55
      61
      52
      68
      52
      66
      62
      57
      52
      51
      64
      49
      60
      70
      57
      60
      58
      48
      49
      54
      62
      40
      47
      46
      49
      52
      39
      51
      39
      54
      42
      48
      48
      31
      43
      43
      43
      45
      43
      35
      32
      40
      33
      49
      36
      38
      45
      31
      40
      36
      37
      39
      32
      41
      31
      39
      37
      30
      36
      39
      26
      35
      24
      30
      33
      36
      29
      32
      29
      32
      28
      28
      31
      26
      29
      30
      22
      33
      38
      29
      28
      29
      27
      28
      20
      22
      22
      25
      28
      26
      28
      31
      27
      22
      25
      34
      29
      22
      26
      28
      26
      17
      19
      24
      24
      25
      15
      18
      24
      26
      12
      22
      18
      23
      19
      30
      19
      21
      26
      29
      31
      20
      26
      20
      21
      24
      16
      25
      23
      13
      29
      31
      24
       9
      17
      21
      15
      22
      14
      25
      18
      24
      29
      19
      16
      32
      23
      21
      23
      18
      20
      18
      21
      23
      15
      20
      19
      21
      19
      17
      20
      16
      18
      17
      23
      31
      22
      20
      23
      25
      16
      10
      21
      19
      16
      24
      19
      10
      11
      15
      17
      14
      15
      13
      14
      21
      16
      19
      16
      25
      29
      20
      19
      21
      16
      14
      27
      18
      19
      26
      30
      10
      25
      23
      15
      20
      12
      10
      19
      17
      16
      17
      10
      15
      13
      12
      25
      15
       9
      24
      19
      14
      12
      17
      13
      10
      15
      12
      16
       9
       9
      11
      11
      10
      18
      15
      12
      11
      12
      11
      15
      17
       8
      11
      12
      10
       9
      10
       9
      11
      10
      12
      10
       6
      16
      10
       9
      12
       8
       9
      13
      13
      10
      10
       6
       8
       7
       8
       9
      11
      14
       8
      10
       8
      15
       9
       9
       6
       9
      15
      10
      10
       7
      17
      10
       8
      11
      14
      11
       5
       8
       7
       7
       9
       8
       5
       7
      12
       7
       7
       6
       9
      11
       7
       9
       9
       7
       2
       8
       7
      16
       9
      16
      14
      12
      12
      11
      10
      13
      11
      17
      13
      12
      22
      26
      22
      14
      17
      19
      27
      30
      30
      35
      21
      25
      34
      18
      20
      26
      30
      32
      30
      24
      26
      30
      20
      30
      26
      22
      26
      18
      34
      18
      27
      23
      12
      12
      17
      16
      15
      17
      11
      13
      10
      12
      11
       9
       9
      11
      13
       4
      11
       5
       7
       7
       8
       5
       9
       6
       4
      10
      11
      10
       3
       6
      14
      12
       8
      12
      11
       7
      11
       3
       4
      11
      12
       8
       7
       3
       5
       4
      10
      10
       7
       5
       9
      10
      11
      13
      10
       5
      13
       7
       5
       8
       9
       7
       8
       8
       7
      11
       6
       8
       8
      16
       6
       8
       4
      11
       9
      18
      15
       8
       9
      16
      12
      12
       7
      12
      14
      15
      14
       7
      13
       7
      13
       6
      10
      10
      14
      11
       7
       5
       7
       7
       7
      10
       6
       8
       6
       6
       9
      11
       5
       4
       9
      12
       1
       8
       7
       7
       7
      11
       4
       8
       3
      10
       8
       4
       7
       9
       5
       6
       4
      10
       5
       5
       4
       8
       4
       5
       4
       6
       7
       5
       6
       4
       9
       3
       4
       6
       4
       8
       4
       6
       6
       3
       4
       7
       8
       6
       5
      11
       4
       4
       8
       7
       5
       2
       7
       4
       3
       7
       7
       8
       8
       6
       3
       3
       5
       4
       4
       5
       6
       6
       5
       6
       4
       6
       3
      11
       5
      10
       6
       4
       9
       2
       6
       3
       3
       2
       3
       2
       4
       4
       5
       4
       2
       6
       4
       5
       6
       5
       5
       3
       4
       4
       7
       4
       5
      12
       5
       4
       3
       6
       2
      10
       5
       4
       3
       3
       4
       3
       3
       3
       6
       3
       3
       5
       1
       6
       6
       7
       6
       1
       3
       4
       6
       4
       5
       6
       5
       3
       7
       1
       1
       2
       3
       7
       5
       4
       4
       3
       6
       4
       4
       3
       5
       4
       2
       6
       6
       5
       3
       7
       5
       0
       3
       2
       1
       5
       3
       4
       6
       5
       1
       7
       5
       3
       9
       6
       1
       5
       4
       2
       3
       4
       2
       3
       4
      10
       2
       2
       6
       3
       6
       3
       6
       6
       6
       6
       4
       5
       8
       6
       5
       3
       5
       5
       6
       5
       0
       7
      11
       6
       3
       9
       7
       7
      12
       1
      13
       8
      12
       9
       9
       8
       5
      21
      16
      16
      15
      11
      11
      16
      13
      14
       9
      16
       9
      11
      11
      11
       4
       5
       7
       8
       9
       9
       3
      11
       4
       4
       4
       8
       7
       7
       7
       4
       5
       4
       6
       6
       6
       3
       4
       8
       7
       4
       3
       3
       5
       4
       1
       5
       2
       2
       1
       3
       1
       4
       7
       3
       4
       1
       3
       0
       3
       2
       4
       3
       4
       2
       0
       2
       1
       0
       0
       1
       5
       2
       2
       2
       4
       2
       2
       2
       2
       1
       1
       1
       2
       2
       3
       2
       2
       0
       3
       1
       3
       3
       4
       0
       2
       3
       4
       1
       1
       0
       1
       2
       0
       0
       1
       0
       2
       3
       0
       2
       1
       0
       1
       1
       0
       2
       1
       0
       0
       1
       2
       0
       1
       1
       0
       1
       3
       0
       0
       2
       3
       0
       4
       0
       1
       0
       2
       1
       0
       0
       1
       2
       1
       0
       2
       2
       0
       4
       5
       2
       2
       1
       2
       3
       1
       1
       2
       2
       5
       2
       4
       3
       6
       3
       2
       5
       1
       5
       9
       7
       5
       5
       7
       3
       8
       2
      10
      14
       8
       6
       6
       5
      11
      11
      10
       7
      10
       9
      11
       8
      11
       5
       8
       6
      14
       5
       8
       6
       6
       9
       7
      14
      11
       7
      11
       8
      12
      11
       8
       3
       3
       7
       9
       5
       7
       2
       4
       6
       5
       4
       4
       4
       0
       4
       3
       3
       2
       2
       1
       2
       3
       1
       0
       0
       1
       4
       2
       4
       1
       1
       0
       0
       0
       2
       1
       0
       0
       1
       0
       0
       1
       1
       1
       3
       0
       0
       0
       1
       0
       0
       1
       0
       0
       0
       0
       1
       0
       0
       0
       2
       0
       0
       1
       2
       0
       2
       0
       2
       1
       1
       0
       2
       1
       1
       0
       0
       0
       0
       0
       0
       0
       1
       2
       0
       0
       1
       0
       0
       0
       1
       1
       0
       2
       0
       1
       1
       1
       1
       2
       1
       0
       0
       0
       0
       0
       0
       0
       2
       0
       1
       0
       0
       1
       0
       0
       1
       1
       0
       0
       0
       0
       1
       1
       0
       0
       1
       0
       0
       0
       0
       1
       0
       0
       2
       0
       0
       1
       1
       0
       1
       1
       0
       0
       0
       0
       0
       0
       1
       1
       0
       1
       0
       2
       0
       1
       3
       2
       1
       0
       0
       0
       1
       0
       0
       3
       1
       0
       1
       0
       3
       3
       2
       1
       2
       1
       0
       1
       0
       1
       1
       2
       1
       1
       1
       2
       1
       2
       2
       0
       2
       1
       1
       2
       1
       1
       2
       0
       0
       0
       0
       1
       0
       2
       0
       2
       1
       1
       0
       3
       0
       1
       0
       0
       0
       0
       0
       1
       0
       0
       3
       0
       2
       1
       0
       0
       1
       0
       1
       0
       1
       1
       2
       0
       1
       0
       1
       0
       1
       2
       1
       0
       0
       0
       2
       0
       2
       0
       0
       1
       2
       3
       0
       0
       0
       0
       2
       0
       0
       1
       1
       0
       0
       0
       0
       0
       0
       0
       1
       0
       1
       1
       0
       0
       0
       1
       2
       0
       2
       2
       0
       0
       0
       0
       1
       1
       0
       1
       1
       1
       0
       0
       0
       0
       0
       0
       0
       0
       1
       0
       0
       0
       0
       0
       0
       0
       1
       1
       2
       0
       0
       1
       0
       0
       0
       0
       1
       1
       0
       0
       0
       0
       0
       0
       0
       0
       0
       0
       1
       1
       0
       1
       1
       1
       0
       0
       0
       0
       0
       0
       2
       0
       0
       0
       2
       1
       0
       1
       0
       0
       0
       0
       0
       0
       0
       0
       0
       0
       0
       0
       0
       0
       1
       0
       0
       0
       0
       0
       0
       2
       0
       0
       1
       0
       0
       0
       1
       0
       0
       0
       0
       1
       0
       1
       0
       0
       1
       1
       1
       0
       1
       1
       0
       0
       2
       0
       0
       0
       0
       0
       0
       0
       0
       0
       0
       0
       0
       0
       0
       1
       0
       0
       0
       0
       0
       0
       1
       0
       0
       0
       1
       0
       0
       0
       0
       0
       0
       2
       1
       0
       2
       0
       1
       0
       0
       0
       0
       0
       0
       1
       0
       1
       0
       0
       0
       1
       0
       1
       2
       1
       0
       1
       0
       0
       1
       0
       1
       0
       0
       3
       2
       1
       2
       1
       2
       0
       2
       1
       1
       0
       1
       2
       0
       0
       1
       1
       2
       0
       2
       2
       1
       1
       1
       0
       1
       1
       0
       1
       2
       0
       2
       0
       0
       1
       2
       2
       1
       0
       1
       0
       0
       1
       1
       1
       0
       3
       1
       0
       0
       1
       0
       1
       0
       0
       0
       0
       0
       0
       0
       0
       0
       0
       0
       1
       3
       1
       0
       0
       0
       0
       3
       0
       0
       1
       0
       1
       0
       3
       2
       0
       1
       1
       0
       1
       0
       0
       0
       0
       0
       0
       0
       0
       0
       2
       1
       1
       0
       1
       1
       1
       0
       0
       0
       1
       1
       0
       0
       0
       1
       1
       1
       0
       1
       0
       0
       0
       0
       0
       0
       1
       1
       1
       0
       0
       1
       0
       0
       0
       0
       0
       1
       1
       0
       0
       0
       0
       1
       0
       0
       1
       0
       0
       0
       0
       0
       0
       0
       0
       0
       0
       0
       0
       0
       0
       0
       0
       0
       0
       0
       0
       0
       0
       0
       0
       0
       0
       0
       0
       0
       0
       0
       0
       0
       0
       0
       0
       0
       0
       0
       0
       0
       0
       0
       0
       0
       0
       0
       0
       0
       0
       0
       0
       0
       0
       0
       0
       0
       0
       0
       0
       0
       0
       0
       0
       0
       0
       0
       1
       0
       0
       0
       0
       0
       0
       0
       0
       0
       0
       0
       0
       0
       0
       0
       0
       0
       0
       0
       0
       0
       0
       0
       0
       0
       1
       0
       0
       0
       0
       0
       0
       0
       0
       0
       0
       0
       0
       0
       0
       0
       0
       0
       0
       0
       0
       0
       0
       0
       0
       0
       0
       0
       0
       0
       0
       0
       0
       0
       0
       0
       0
       0
       0
       0
       0
       0
       0
       0
       0
       0
       0
       0
       0
       0
       0
       0
       0
       0
       0
       0
       0
       0
       0
       0
       0
       1
       0
       1
       0
       0
       0
       0
       0
       0
       0
       0
       0
       0
       0
       0
       0
       0
       0
       1
       0
       0
       0
       0
       0
       0
       0
       0
       0
       0
       0
       0
       0
       0
       0
       0
       0
       0
       0
       0
       0
       0
       0
       0
       0
       0
       0
       0
       0
       0
       0
       0
       0
       0
       0
       0
       0
       0
       0
       0
       0
       0
       0
       0
       0
       0
       0
       0
       0
       0
       0
       0
       0
       0
       0
       0
       0
       0
       0
       0
       0
       0
       0
       0
       0
       0
       0
       0
       0
       0
       0
       0
       1
       0
       0
       0
       0
       0
       0
       0
       0
       0
       0
       0
       0
       0
       0
       0
       0
       0
       0
       0
       0
       0
       0
       0
       0
       0
       1
       0
       0
       0
       0
       0
       0
       0
       0
       0
       0
       0
       0
       0
       0
       0
       0
       0
       0
       0
       0
       0
       0
       0
       0
       0
       0
       0
       0
       0
       0
       0
       0
       0
       0
       0
       0
       0
       0
       0
       0
       0
       0
       0
       0
       0
       0
       0
       0
       0
       0
       0
       0
       0
       0
       0
       0
       0
       0
       0
       0
       0
       0
       0
       0
       0
       0
       0
       0
       0
       0
       0
       0
       0
       0
       0
       0
       0
       0
       0
       0
       0
       0
       0
       0
       0
       0
       0
       0
       0
       0
       0
       0
       0
       0
       0
       0
       0
       0
       0
       0
       0
       0
       0
       0
       0
       0
       0
       0
       0
       0
       0
       0
       0
$ROI:
5
471 536
564 647
763 844
1001 1090
1573 1669
$PRESETS:
Real Time
60
0
$ENER_FIT:
-20.212013 1.714672
$MCA_CAL:
3
-2.021201E+001 1.714672E+000 4.288640E-006 keV
$SHAPE_CAL:
3
1.158210E+001 3.853783E-002 -7.560620E-006
