$SPEC_ID:
This is spectrum 004
$SPEC_REM:
DET# 1
DETDESC# CK155-04 Easy-MCA-2k SN 12292282
AP# Maestro Version 7.01
$DATE_MEA:
02/17/2022 13:24:19
$MEAS_TIM:
59 60
$DATA:
0 2047
       0
       0
       0
       0
       0
       0
       0
       0
       0
       0
       0
       0
       0
       1
      25
      31
      37
      38
      29
      39
      43
      33
      46
      41
      40
      38
      50
      42
      52
      49
      47
      46
      59
      59
      71
      72
      60
      77
      78
      86
      87
     105
      97
      83
     109
     121
     112
     129
     129
     129
     128
     145
     145
     150
     141
     125
     150
     153
     146
     176
     157
     167
     166
     181
     166
     144
     158
     148
     154
     162
     156
     179
     165
     188
     189
     184
     162
     162
     151
     150
     170
     170
     169
     159
     156
     177
     170
     140
     146
     168
     148
     162
     170
     147
     155
     146
     130
     141
     137
     132
     150
     128
     118
     125
     137
     137
     120
     129
     135
     125
     133
     137
     118
     120
     136
     115
     133
      95
      98
     120
     118
     108
      97
     121
      95
     100
     123
     106
     115
     110
     119
     110
     103
      94
     104
      84
      79
      91
      95
      97
      86
      90
     100
      94
      76
      92
      93
      85
      93
      91
      72
     103
     100
      92
      79
      70
      68
      75
      66
      60
      51
      68
      71
      65
      79
      55
      70
      61
      67
      64
      55
      55
      61
      57
      61
      80
      67
      56
      50
      61
      63
      54
      63
      64
      46
      53
      55
      54
      44
      57
      43
      49
      52
      59
      33
      57
      40
      54
      42
      43
      45
      45
      42
      51
      32
      48
      50
      51
      42
      49
      42
      42
      50
      50
      58
      39
      41
      43
      46
      27
      31
      36
      29
      30
      35
      32
      31
      32
      38
      37
      32
      35
      26
      44
      38
      36
      21
      40
      35
      27
      44
      19
      28
      29
      33
      32
      20
      27
      29
      28
      37
      34
      28
      23
      26
      28
      26
      26
      27
      21
      23
      29
      23
      26
      24
      18
      23
      20
      29
      22
      25
      35
      24
      25
      27
      17
      26
      21
      27
      22
      23
      15
      28
      17
      28
      25
      41
      17
      23
      21
      12
      28
      30
      25
      27
      26
      17
      26
      31
      27
      29
      25
      32
      22
      20
      25
      20
      31
      31
      26
      31
      28
      21
      27
      26
      22
      19
      22
      15
      21
      24
      21
      31
      15
      16
      19
      18
      19
      20
      19
      23
      26
      20
      16
      14
      24
      20
      22
      15
      20
      16
      23
      16
      13
      22
      17
      13
      23
      10
      19
      23
      16
      20
      16
      16
      23
      22
      19
      17
      17
      17
      28
      23
      22
      14
      13
      17
      20
      19
      15
      18
      13
      16
      14
      18
      15
      17
      15
       9
      20
      15
      17
      17
      15
      13
      27
      18
       8
       9
      22
      15
      14
      10
      13
      15
      11
       8
      10
       9
      11
       6
      18
      16
       9
       9
      16
       9
      13
      16
      13
      13
      13
       9
      11
       6
      11
      14
       7
      12
      20
      14
      14
       8
      16
       9
      13
      13
       9
       8
      14
      13
       9
       7
      12
       8
       7
      15
      13
      13
      10
      12
      13
      17
      15
      19
       6
      13
      17
      16
       8
      10
      10
      12
      15
      12
      14
      17
       9
      13
      11
      14
      14
      11
      10
       8
      10
      13
      10
      12
      10
       9
      14
      15
       9
      16
      15
      12
      15
      12
      20
      15
      25
      20
      16
      13
      17
      21
      21
      18
      27
      22
      18
      21
      19
      21
      31
      30
      27
      36
      31
      28
      35
      29
      28
      36
      29
      44
      39
      38
      28
      35
      29
      35
      30
      20
      20
      21
      21
      22
      21
      26
      18
      16
      19
      12
      19
      15
      14
       8
      15
       9
      10
       8
       8
      13
       7
       6
       3
       3
       6
      17
      15
       9
       7
       7
       8
      10
       7
      14
       8
      13
      10
      12
      15
       9
       5
       9
      17
       7
      13
      12
       9
       7
      10
       4
       9
       8
      13
       6
      12
       6
       9
      11
       9
       6
      11
       3
      10
      16
       6
      15
      12
       8
       6
      11
       8
       7
      11
      13
       8
       8
      15
      15
      11
       8
      18
      15
      12
      15
      13
       8
      16
      14
      10
      15
      14
      15
      16
       9
      13
      10
      15
      10
       8
       9
      12
      13
       9
      10
       6
       5
      13
      13
      10
      12
       8
       8
       6
       8
      10
       7
       9
       5
      10
       2
       9
       5
       9
       4
       4
       6
       5
       7
      13
      10
       2
       6
       6
       7
       5
       9
       9
      10
       7
       7
       9
       4
       8
       8
       3
       9
       9
       3
       8
       6
       3
       8
       6
       4
       4
       6
       9
       4
       7
       3
       9
       3
       9
       9
       6
       8
       5
       6
       4
       6
       7
       6
      11
       6
       6
       8
       9
       5
       5
      10
       6
      13
       9
      14
       4
       4
       3
       4
       8
       7
       4
       2
       1
       4
       6
       6
       2
       5
       2
       4
       7
       6
       5
       8
       3
       9
       3
       6
       3
       5
       4
       8
       1
       6
       9
       4
       3
       5
       3
       5
       3
       4
       6
       6
      10
       5
       8
       2
       4
       6
       5
      10
       2
       8
       5
       4
       5
       3
       7
       5
       7
      16
       7
       7
       6
       8
       4
       4
       3
       9
       8
       6
       5
       8
       7
       8
       9
       3
       5
       3
       8
       9
       7
       7
       8
       5
       6
       3
       7
       8
       6
       8
       9
       8
       8
       6
       5
       5
       5
       9
       6
       6
       1
       4
       5
       4
       3
       9
       2
       7
       7
       5
       4
       7
       2
      11
       4
       3
      12
       7
      13
       7
       9
       9
       4
       4
       6
       6
       7
      13
       9
      12
       6
       7
       8
       8
       5
      13
      12
      10
      11
       7
       9
       3
       6
      11
       4
       3
      11
       9
      13
      11
      13
       8
      16
      12
      13
      17
      17
      11
      10
      14
       8
      10
      16
       9
      10
      10
      11
      10
      13
       9
      14
      17
      11
       6
      13
      19
      11
      12
      14
      11
       9
       9
       7
      12
       4
      12
      10
       8
       8
       5
       2
       7
       9
       3
       4
       5
       4
       2
       5
       6
       6
       1
       3
       3
       5
       3
       4
       7
       4
       6
       2
       4
       1
       4
       6
       5
       6
       3
       2
       3
       2
       3
       3
       2
       3
       4
       0
       6
       2
       1
       4
       3
       4
       2
       2
       1
       3
       0
       1
       1
       0
       3
       1
       3
       1
       1
       2
       0
       5
       3
       1
       3
       3
       3
       1
       0
       1
       1
       3
       2
       0
       1
       3
       2
       1
       1
       1
       2
       1
       1
       2
       1
       1
       1
       0
       1
       2
       3
       2
       0
       2
       1
       2
       4
       3
       2
       5
       1
       2
       4
       2
       3
       0
       0
       0
       3
       1
       1
       4
       4
       1
       2
       1
       2
       2
       1
       3
       0
       3
       1
       1
       2
       3
       0
       2
       5
       6
       4
       8
       5
       4
       1
       8
       7
       8
      11
      13
      12
      11
       1
      11
      13
       5
      10
      11
      14
      16
       9
      15
      13
      13
      11
      17
      21
      14
      19
      18
      15
      15
      21
      15
      17
      15
      22
      18
      11
      16
      16
      11
      18
      17
      17
      14
      14
      15
      16
      10
      17
      15
       8
       9
       9
      11
       9
       6
       7
       3
       5
       8
      10
       4
       6
       8
      10
       2
       4
       5
       3
       1
       1
       2
       4
       0
       2
       3
       3
       2
       3
       0
       1
       3
       2
       0
       1
       2
       0
       2
       1
       1
       0
       2
       0
       0
       2
       1
       0
       0
       1
       1
       1
       2
       2
       0
       1
       1
       0
       0
       0
       1
       0
       1
       1
       0
       2
       0
       0
       0
       0
       0
       0
       1
       1
       0
       0
       1
       0
       0
       3
       0
       0
       0
       0
       1
       0
       2
       1
       2
       0
       3
       1
       0
       0
       2
       2
       0
       1
       0
       0
       0
       1
       0
       2
       0
       2
       0
       0
       0
       1
       0
       4
       0
       0
       0
       0
       2
       0
       1
       0
       1
       2
       0
       0
       1
       1
       0
       1
       0
       1
       1
       0
       1
       3
       0
       2
       1
       1
       0
       0
       0
       0
       0
       0
       0
       1
       1
       1
       0
       0
       0
       0
       1
       1
       2
       0
       0
       1
       2
       0
       0
       0
       0
       0
       1
       1
       1
       0
       4
       0
       0
       0
       0
       1
       0
       0
       1
       1
       1
       0
       0
       1
       1
       0
       0
       0
       1
       1
       1
       0
       1
       0
       0
       2
       0
       0
       1
       1
       0
       1
       2
       1
       1
       2
       3
       1
       3
       0
       1
       0
       0
       0
       2
       2
       3
       0
       0
       2
       1
       0
       0
       1
       1
       1
       0
       1
       0
       0
       0
       0
       0
       0
       0
       1
       0
       0
       0
       0
       0
       0
       0
       0
       0
       0
       1
       1
       1
       0
       0
       0
       0
       0
       1
       1
       1
       0
       0
       0
       0
       1
       0
       0
       1
       0
       0
       2
       1
       1
       0
       0
       1
       0
       1
       0
       0
       0
       3
       2
       0
       1
       2
       0
       0
       1
       0
       0
       0
       0
       0
       0
       2
       1
       0
       0
       1
       0
       1
       0
       0
       1
       0
       0
       0
       1
       0
       1
       0
       0
       0
       0
       0
       0
       0
       0
       0
       0
       0
       0
       0
       0
       0
       0
       0
       0
       0
       0
       0
       0
       1
       1
       0
       0
       0
       1
       1
       0
       1
       0
       1
       0
       0
       0
       1
       0
       0
       0
       1
       0
       0
       0
       0
       0
       0
       1
       0
       0
       0
       0
       0
       0
       2
       0
       0
       1
       1
       0
       0
       1
       1
       0
       0
       0
       0
       0
       0
       1
       0
       0
       0
       1
       0
       0
       0
       0
       0
       0
       0
       0
       1
       0
       1
       0
       0
       0
       0
       0
       0
       1
       0
       2
       1
       0
       0
       0
       0
       0
       0
       0
       0
       0
       0
       0
       1
       1
       0
       0
       0
       0
       0
       0
       0
       0
       0
       0
       0
       0
       0
       0
       0
       0
       0
       0
       0
       0
       1
       1
       1
       0
       0
       0
       1
       1
       0
       0
       2
       1
       2
       1
       2
       0
       2
       2
       0
       1
       1
       0
       2
       2
       0
       1
       0
       0
       0
       0
       0
       0
       0
       0
       1
       3
       0
       0
       3
       3
       1
       4
       1
       1
       1
       0
       0
       0
       0
       0
       0
       1
       1
       0
       2
       2
       1
       3
       0
       1
       0
       1
       0
       0
       0
       0
       0
       0
       1
       0
       0
       0
       0
       0
       0
       0
       1
       1
       1
       0
       0
       0
       0
       0
       0
       0
       0
       0
       0
       1
       0
       0
       0
       0
       1
       0
       0
       0
       0
       0
       0
       1
       0
       0
       1
       0
       0
       1
       1
       0
       1
       0
       0
       1
       1
       0
       0
       1
       1
       0
       0
       1
       0
       0
       0
       1
       0
       0
       0
       0
       1
       0
       1
       0
       1
       0
       1
       0
       0
       1
       0
       0
       0
       1
       0
       0
       0
       0
       0
       0
       1
       0
       1
       1
       0
       0
       0
       0
       0
       0
       0
       0
       0
       0
       0
       0
       0
       0
       0
       0
       0
       0
       0
       0
       0
       0
       0
       0
       0
       0
       0
       0
       0
       0
       0
       0
       0
       0
       0
       0
       0
       0
       0
       0
       0
       0
       0
       0
       0
       0
       1
       0
       0
       0
       1
       0
       0
       0
       0
       0
       0
       0
       0
       0
       0
       0
       0
       0
       0
       0
       0
       0
       0
       0
       0
       0
       0
       0
       0
       0
       0
       0
       0
       0
       0
       0
       0
       0
       0
       0
       0
       0
       0
       0
       0
       0
       0
       0
       0
       0
       0
       0
       0
       0
       0
       0
       0
       0
       0
       0
       0
       0
       0
       0
       0
       0
       0
       0
       0
       0
       0
       0
       0
       0
       0
       0
       0
       0
       0
       0
       0
       0
       0
       0
       0
       0
       0
       0
       0
       0
       0
       0
       0
       0
       0
       0
       0
       0
       0
       0
       0
       0
       0
       0
       0
       0
       0
       0
       0
       0
       0
       0
       0
       0
       0
       0
       0
       0
       0
       0
       0
       0
       0
       0
       0
       0
       0
       0
       0
       0
       0
       0
       0
       0
       0
       0
       0
       0
       0
       0
       0
       0
       0
       0
       0
       0
       0
       1
       1
       0
       0
       0
       0
       0
       0
       0
       0
       0
       0
       0
       0
       0
       0
       0
       0
       0
       0
       0
       0
       0
       0
       0
       0
       0
       0
       0
       0
       0
       0
       0
       0
       0
       0
       0
       0
       0
       0
       0
       0
       0
       0
       0
       0
       1
       0
       0
       0
       0
       0
       0
       0
       0
       0
       0
       0
       0
       0
       0
       0
       0
       0
       0
       0
       0
       0
       0
       0
       0
       0
       0
       0
       0
       0
       0
       0
       0
       0
       0
       0
       0
       0
       0
       0
       0
       0
       0
       0
       0
       0
       0
       0
       0
       0
       0
       0
       0
       0
       0
       0
       0
       0
       0
       0
       0
       0
       0
       0
       0
       0
       0
       0
       0
       0
       0
       0
       0
       0
       0
       0
       0
       0
       0
       0
       0
       0
       0
       0
       0
       0
       0
       0
       0
       0
       0
       0
       0
       0
       0
       0
       0
       0
       0
       0
       0
       0
       0
       0
       0
       0
       0
       0
       0
       0
       0
       0
       0
       0
       0
       0
       0
       0
       0
       0
       0
       0
       0
       0
       0
       0
       0
       0
       0
       0
       0
       0
       0
       0
       0
       0
       0
       0
       0
       0
       0
       0
       0
       0
       0
       0
       0
       0
       0
       0
       0
       0
       0
       0
       0
       0
$ROI:
5
471 536
564 647
763 844
1001 1090
1573 1669
$PRESETS:
Real Time
60
0
$ENER_FIT:
-20.212013 1.714672
$MCA_CAL:
3
-2.021201E+001 1.714672E+000 4.288640E-006 keV
$SHAPE_CAL:
3
1.158210E+001 3.853783E-002 -7.560620E-006
