$SPEC_ID:
This is spectrum 007
$SPEC_REM:
DET# 1
DETDESC# CK155-04 Easy-MCA-2k SN 12292282
AP# Maestro Version 7.01
$DATE_MEA:
02/17/2022 13:27:22
$MEAS_TIM:
59 60
$DATA:
0 2047
       0
       0
       0
       0
       0
       0
       0
       0
       0
       0
       0
       0
       0
       0
      27
      30
      29
      42
      22
      23
      39
      39
      35
      38
      24
      40
      34
      40
      52
      41
      40
      50
      56
      47
      55
      49
      54
      46
      74
      68
      77
      92
      86
     111
      71
     104
     108
     123
     116
     140
     140
     124
     120
     131
     132
     146
     159
     121
     143
     137
     142
     151
     162
     134
     150
     159
     155
     148
     154
     153
     150
     158
     146
     137
     158
     176
     173
     145
     156
     151
     157
     163
     134
     157
     154
     140
     160
     150
     140
     160
     164
     151
     147
     152
     136
     136
     125
     126
     113
     113
     124
     113
     116
     134
     121
     124
     120
     116
     115
      98
      97
     120
     107
     112
      99
     124
      89
     108
     115
      97
     102
     110
     102
     111
     104
     103
     112
      92
      81
      95
      83
     108
      81
      92
      93
      98
      77
     100
      99
      83
      79
      94
      90
      86
      85
      93
     100
      85
      85
      71
      81
      77
      86
      77
      83
      64
      73
      50
      56
      58
      60
      58
      59
      66
      59
      37
      73
      63
      54
      39
      47
      59
      58
      53
      62
      41
      59
      57
      53
      62
      54
      45
      45
      44
      50
      47
      48
      46
      40
      41
      40
      47
      45
      30
      42
      43
      42
      49
      51
      52
      50
      48
      44
      38
      43
      46
      43
      55
      38
      36
      41
      30
      33
      39
      47
      33
      37
      48
      33
      31
      34
      42
      44
      20
      33
      32
      31
      35
      40
      37
      30
      36
      29
      35
      36
      25
      23
      29
      37
      37
      32
      32
      28
      30
      23
      29
      21
      20
      29
      23
      28
      22
      10
      23
      20
      22
      22
      18
      29
      28
      22
      21
      21
      30
      25
      29
      25
      28
      22
      27
      18
      23
      25
      19
      18
      27
      19
      16
      19
      32
      28
      20
      21
      20
      26
      18
      22
      20
      15
      22
      24
      22
      20
      15
      16
      21
      21
      22
      18
      21
      31
      19
      25
      21
      26
      16
      26
      23
      26
      17
      23
      21
      26
      14
      26
      23
      18
      24
      18
      26
      23
      22
      17
      20
      18
      20
      17
      17
      16
      16
      15
      17
      19
      15
      12
      17
      13
      22
      22
      22
      18
      17
      10
      18
      15
       9
      24
      21
      23
      19
      24
      17
      24
      14
      21
      15
      17
      18
      19
      24
      25
      28
      20
      20
      27
      19
      20
      18
      18
       8
      19
      12
      14
      14
      15
      23
      11
      11
       7
      16
      20
       9
       7
      14
      12
      14
      19
      13
      13
      14
       9
      12
      15
      10
      12
      16
      18
      12
      14
       8
      10
       7
      13
      12
       9
      10
      10
       6
       9
      12
      12
      12
       8
      13
       9
      14
      16
       8
      12
       8
      12
      10
      11
      14
       7
       7
      13
      13
       4
       7
       8
      12
       7
      12
      10
       9
       4
       9
       8
       5
      10
       8
      10
       8
       8
       9
       7
      11
      10
      11
       5
      17
       8
       8
       5
       9
      10
       7
       6
      12
       7
       9
      10
       6
       8
       9
      12
      10
      12
      12
       8
       9
      14
      10
       6
      14
       8
       6
      11
      10
      11
      10
      16
       5
      10
      11
      19
      14
      18
      19
      17
       8
      22
      28
      26
      22
      35
      25
      25
      27
      23
      31
      26
      28
      26
      33
      32
      31
      31
      38
      25
      23
      22
      25
      25
      16
      18
      22
      17
      20
      13
      15
      24
      15
      13
      16
       8
       8
      14
       7
      13
      16
      11
      11
       7
       8
       9
       8
       8
       9
       8
       7
       5
       4
       9
       7
       8
      10
      14
       7
       5
       6
       7
       7
       7
      10
       9
      10
       1
       4
       7
       5
       6
       4
       6
       9
      12
       6
       7
      10
       8
       6
      12
       3
       7
      10
       6
       6
      12
       5
       6
       6
       5
       8
      12
      10
      12
      10
      10
       5
       8
      13
      10
       8
       8
       8
      12
       8
      13
       5
      11
       5
      17
      13
      12
      10
      12
       4
      13
      16
      13
       8
      14
       5
       9
       8
       9
       6
      10
       8
       9
      10
       8
      10
       6
       4
       6
       6
       9
       9
       7
       2
       5
       6
       5
       9
       5
       2
       4
       5
       8
       7
       4
       4
       3
      10
       4
       4
       8
       7
       3
       8
       5
       8
       6
       8
       7
       6
       4
       5
       6
       8
       2
       4
       5
       5
       3
       4
       7
      11
       4
       4
       4
       2
       1
       4
       5
       6
       2
       4
      10
       8
       1
       5
       4
       1
       3
       1
       5
       3
       0
       4
       7
       3
       4
       6
       1
       8
       6
       5
       8
       4
       4
       3
       4
       5
       5
      10
       3
       9
       2
       3
       3
       4
       6
       3
       2
       5
       5
       3
       3
       0
       2
       3
       4
       4
       6
       3
       1
       6
       3
       3
       3
       1
       2
       2
       7
       6
       2
       4
       5
       3
       2
       7
       2
       6
       2
       8
       3
       1
       0
       4
       5
       9
       4
       4
       5
       2
       1
       8
       2
       4
       4
       8
       7
       4
       4
       0
       1
       3
       3
       5
       2
       2
       4
       2
       4
       4
       4
       3
       1
       3
       6
       2
       2
       5
       1
       7
       3
       4
       6
       3
       3
       4
       5
       5
       3
       3
       6
       2
       3
       2
       4
       0
       3
       6
       3
       3
       5
       5
       2
       5
       4
       3
       1
       4
       6
       6
       1
       5
       2
       5
       4
       4
       6
       4
       9
       5
      10
       7
       7
       5
       5
       9
       5
       4
       7
       7
       7
       6
       8
       8
      10
       8
       7
       4
       9
       1
      12
       7
      14
       7
       8
       8
      10
      10
       9
      10
       9
      12
       6
       8
      15
      10
       9
      10
      11
       5
      11
       6
      12
       7
       4
       8
      12
       5
       7
       6
       8
       6
       4
       9
       5
       9
       6
       2
       3
       4
       5
       2
       5
       2
       1
       4
       5
       5
       3
       4
       4
       3
       5
       2
       0
       4
       3
       2
       2
       1
       2
       2
       3
       1
       1
       3
       2
       3
       1
       0
       1
       2
       2
       1
       1
       1
       0
       2
       0
       1
       1
       3
       2
       3
       1
       1
       3
       2
       0
       2
       1
       1
       6
       1
       0
       1
       2
       0
       1
       1
       2
       2
       1
       0
       1
       1
       0
       3
       0
       0
       2
       1
       2
       2
       3
       1
       2
       0
       0
       0
       0
       1
       1
       0
       0
       1
       2
       4
       0
       0
       1
       3
       4
       3
       1
       2
       0
       0
       0
       3
       1
       3
       0
       0
       1
       1
       0
       2
       0
       3
       0
       3
       2
       0
       3
       2
       0
       0
       2
       1
       3
       3
       1
       0
       1
       3
       3
       2
       2
       2
       2
       3
       3
       1
       4
       7
       3
       7
       2
       5
       7
       5
       3
       4
       7
       4
       4
       5
       7
       6
       9
       8
       4
       2
       8
      15
      10
      13
       6
       5
      11
       7
       7
       8
       7
       6
       6
       3
       9
       9
       5
       5
       7
       5
       5
       1
       9
       3
       3
       9
       3
       4
       1
       5
       2
       6
       2
       3
       2
       3
       3
       2
       4
       1
       1
       1
       3
       0
       2
       3
       1
       3
       3
       0
       1
       2
       2
       1
       2
       4
       1
       0
       1
       0
       1
       0
       1
       0
       0
       2
       1
       1
       0
       1
       1
       0
       1
       0
       1
       1
       3
       0
       0
       0
       0
       1
       1
       0
       0
       0
       1
       0
       0
       0
       1
       0
       0
       0
       0
       0
       0
       1
       0
       2
       1
       0
       0
       2
       0
       0
       0
       1
       0
       0
       0
       2
       1
       0
       1
       0
       1
       1
       1
       0
       0
       1
       2
       0
       2
       1
       0
       1
       0
       0
       0
       0
       0
       2
       0
       1
       1
       1
       2
       0
       0
       1
       1
       0
       0
       2
       0
       1
       1
       0
       1
       0
       1
       0
       0
       1
       0
       1
       1
       1
       1
       0
       1
       0
       0
       0
       0
       1
       1
       3
       2
       0
       0
       1
       1
       1
       0
       0
       2
       0
       1
       0
       0
       0
       1
       1
       0
       2
       1
       0
       1
       0
       1
       0
       0
       0
       2
       1
       1
       1
       1
       1
       1
       1
       0
       0
       1
       0
       1
       0
       1
       0
       1
       1
       0
       1
       0
       1
       1
       1
       3
       0
       1
       0
       0
       0
       2
       0
       0
       0
       1
       2
       1
       0
       0
       1
       1
       0
       1
       1
       0
       0
       1
       2
       1
       0
       2
       1
       0
       1
       0
       1
       0
       0
       0
       0
       0
       0
       0
       0
       0
       0
       3
       1
       0
       0
       1
       1
       1
       0
       1
       2
       3
       1
       3
       0
       0
       2
       0
       0
       1
       0
       1
       0
       0
       1
       0
       1
       0
       0
       0
       0
       0
       1
       1
       0
       0
       0
       0
       0
       0
       0
       2
       0
       0
       0
       0
       0
       0
       0
       0
       1
       2
       1
       3
       0
       1
       0
       0
       0
       0
       1
       0
       0
       0
       0
       0
       0
       0
       0
       2
       0
       2
       0
       1
       1
       0
       0
       1
       0
       0
       0
       0
       0
       0
       0
       0
       0
       0
       0
       0
       0
       0
       0
       0
       0
       0
       0
       2
       1
       1
       0
       0
       0
       0
       1
       0
       0
       0
       0
       0
       0
       0
       0
       1
       0
       1
       1
       0
       2
       1
       0
       2
       0
       0
       1
       0
       0
       0
       0
       0
       0
       2
       0
       0
       0
       1
       0
       1
       0
       1
       0
       0
       0
       0
       0
       0
       0
       0
       0
       0
       1
       0
       0
       0
       2
       1
       0
       0
       1
       0
       0
       1
       0
       0
       0
       0
       1
       1
       0
       0
       0
       0
       0
       1
       1
       0
       1
       0
       1
       0
       1
       1
       0
       1
       0
       0
       2
       0
       0
       1
       0
       3
       0
       0
       2
       1
       1
       0
       0
       1
       0
       0
       0
       0
       0
       1
       2
       0
       1
       1
       1
       0
       0
       1
       0
       3
       0
       1
       1
       3
       0
       0
       2
       0
       1
       1
       0
       3
       1
       1
       0
       1
       2
       0
       1
       2
       0
       1
       0
       0
       0
       1
       1
       0
       0
       0
       0
       2
       1
       0
       0
       1
       0
       0
       1
       0
       5
       0
       1
       0
       1
       0
       0
       0
       0
       0
       0
       0
       0
       1
       0
       1
       0
       0
       1
       0
       2
       0
       0
       1
       0
       0
       0
       0
       0
       0
       1
       0
       0
       0
       0
       0
       0
       1
       2
       0
       1
       1
       1
       0
       0
       0
       1
       1
       0
       0
       0
       0
       0
       1
       0
       0
       0
       0
       0
       0
       0
       0
       0
       0
       0
       0
       0
       0
       1
       0
       0
       1
       0
       0
       1
       1
       1
       0
       1
       0
       0
       0
       0
       2
       2
       0
       0
       0
       1
       0
       0
       0
       0
       0
       0
       0
       0
       0
       2
       0
       0
       0
       0
       1
       0
       0
       0
       0
       0
       0
       0
       0
       0
       0
       0
       0
       0
       0
       0
       0
       0
       0
       0
       0
       0
       0
       0
       0
       0
       0
       0
       0
       0
       0
       0
       0
       0
       0
       0
       0
       0
       0
       0
       0
       0
       0
       0
       0
       0
       0
       0
       0
       0
       0
       0
       0
       0
       0
       0
       0
       0
       0
       0
       0
       0
       0
       0
       0
       0
       0
       0
       0
       0
       0
       0
       0
       0
       0
       0
       0
       0
       0
       0
       0
       0
       0
       0
       0
       0
       0
       0
       0
       0
       0
       0
       0
       0
       0
       0
       0
       0
       0
       0
       0
       0
       0
       0
       0
       0
       0
       0
       0
       0
       0
       0
       0
       0
       0
       0
       0
       0
       0
       0
       0
       0
       0
       0
       0
       0
       0
       0
       0
       0
       1
       0
       0
       0
       0
       0
       0
       0
       0
       0
       0
       0
       0
       0
       0
       0
       0
       0
       1
       0
       0
       0
       0
       0
       0
       0
       0
       0
       0
       0
       0
       0
       0
       0
       0
       0
       0
       0
       0
       0
       0
       0
       0
       0
       0
       0
       0
       0
       0
       0
       0
       0
       1
       0
       0
       1
       0
       0
       0
       0
       0
       0
       0
       0
       0
       0
       0
       0
       0
       0
       0
       0
       0
       0
       0
       0
       0
       0
       0
       0
       0
       0
       0
       0
       0
       0
       0
       0
       0
       0
       0
       0
       0
       0
       0
       0
       0
       0
       0
       0
       0
       0
       0
       0
       0
       0
       0
       1
       0
       0
       0
       0
       0
       0
       0
       0
       0
       0
       0
       0
       1
       0
       0
       0
       0
       0
       0
       0
       0
       0
       0
       0
       0
       0
       0
       0
       0
       0
       0
       0
       0
       0
       0
       0
       0
       0
       0
       0
       0
       0
       0
       0
       0
       0
       0
       0
       0
       0
       0
       0
       0
       0
       0
       0
       0
       0
       0
       0
       0
       0
       0
       0
       0
       0
       0
       0
       0
       0
       0
       0
       0
       0
       0
       0
       0
       0
       0
       0
       0
       0
       0
       0
       0
       0
       0
       0
       0
       0
       0
       0
       0
       0
       0
       0
       0
       0
       0
       0
       0
       0
       0
       0
       0
       0
       0
       0
       0
       0
       0
       0
       0
       0
       0
       0
       0
       0
       0
       0
       0
       0
       0
       0
       0
       0
       0
       0
       0
       0
       0
       0
       0
       0
       0
       0
       0
       0
       0
       0
       0
       0
       0
       0
       0
       0
       0
       0
$ROI:
5
471 536
564 647
763 844
1001 1090
1573 1669
$PRESETS:
Real Time
60
0
$ENER_FIT:
-20.212013 1.714672
$MCA_CAL:
3
-2.021201E+001 1.714672E+000 4.288640E-006 keV
$SHAPE_CAL:
3
1.158210E+001 3.853783E-002 -7.560620E-006
