$SPEC_ID:
This is spectrum 015
$SPEC_REM:
DET# 1
DETDESC# CK155-04 Easy-MCA-2k SN 12292282
AP# Maestro Version 7.01
$DATE_MEA:
02/17/2022 13:35:34
$MEAS_TIM:
59 60
$DATA:
0 2047
       0
       0
       0
       0
       0
       0
       0
       0
       0
       0
       0
       0
       0
       1
      26
      28
      27
      30
      28
      30
      20
      34
      24
      39
      31
      31
      43
      30
      37
      39
      35
      33
      39
      45
      54
      52
      57
      59
      68
      54
      92
      67
      77
      77
      74
      90
     106
     108
     121
     101
     121
     130
     107
     115
     125
     156
     124
     139
     136
     152
     131
     137
     144
     149
     146
     163
     157
     173
     146
     149
     153
     143
     140
     163
     136
     168
     158
     155
     152
     150
     173
     138
     139
     155
     154
     131
     137
     145
     155
     165
     141
     132
     134
     116
     148
     126
     120
     128
     138
     151
     132
     148
     131
     118
     125
     120
     129
      88
     106
     132
     126
     119
     130
     105
     116
     106
     103
     104
      82
     100
     112
     100
     114
     100
      87
     104
      77
     106
      97
     108
      89
      76
      81
      79
      76
     102
      79
      78
      97
      80
      98
      79
      90
      73
      87
      86
      86
      87
      65
      73
      67
      64
      71
      70
      68
      56
      76
      60
      62
      59
      55
      53
      60
      64
      69
      48
      48
      47
      57
      50
      46
      59
      40
      54
      49
      51
      46
      53
      40
      45
      44
      53
      51
      36
      37
      34
      43
      53
      43
      34
      41
      45
      30
      42
      42
      29
      37
      46
      29
      37
      43
      44
      32
      23
      29
      34
      28
      39
      35
      40
      40
      37
      29
      21
      30
      29
      25
      24
      31
      31
      33
      30
      25
      24
      37
      35
      35
      39
      27
      34
      24
      43
      33
      28
      27
      28
      25
      21
      26
      23
      30
      22
      30
      26
      20
      29
      25
      21
      28
      18
      31
      20
      20
      17
      22
      23
      22
      20
      13
      21
      19
      27
      16
      20
      15
      29
      14
      21
      16
      20
      27
      18
      21
      25
      20
      14
      18
      16
      20
      26
      19
      21
      17
      17
      16
      22
      24
      24
      19
      15
      15
      20
      17
      17
      11
      13
      29
      11
      23
      18
      11
      22
      22
      14
      28
      16
      15
      17
      19
      21
      12
      16
      14
      22
      19
      18
      18
      12
      20
      16
      14
      18
      15
      12
      11
      17
      17
      14
      15
      21
      17
      16
      13
      15
      15
       7
      13
      17
      16
      18
      11
      14
      14
      10
      15
      12
      15
      11
      19
      22
      13
      11
      16
      16
      23
      19
      12
      17
      21
      12
      20
      15
      12
      13
      12
      16
      17
      13
       7
      14
      20
      14
      16
       7
      11
      14
      16
      13
       6
      17
       9
      11
      12
      11
      13
      10
      11
       8
      12
      10
       8
      15
      15
       9
       6
       8
       3
       5
       6
       9
      16
      10
      10
      13
       4
       8
       6
       9
      15
       6
       6
       7
      12
       9
       4
      11
       6
      11
      11
       6
       5
      13
      12
       4
       8
       6
       5
       9
       6
       8
       9
      10
      10
      10
       4
      12
       8
       7
      12
       9
       8
       7
      11
       5
      10
      10
       5
       8
       5
       8
      11
       6
       7
       6
       9
       7
       7
       9
       7
       8
       5
       6
      10
      10
       9
       5
       3
       6
       4
       7
       9
       4
       7
       4
       6
       7
       6
       5
       3
      17
      17
      10
       7
      14
       6
      12
      12
      11
      14
      11
      15
      16
      15
      21
      13
      19
      22
      17
      15
      22
      17
      15
      18
      21
      20
      24
      23
      17
      23
      12
      19
      10
      14
      19
      20
      21
      10
      18
      13
       7
       8
      15
       9
      11
      10
      11
       7
       4
       7
      11
       6
       9
       5
       8
       8
       6
       7
       7
       7
       5
       8
       9
       5
       8
       4
       4
      11
       4
       6
       9
       6
       7
       7
       6
       3
       8
       5
       4
       3
       6
       7
       5
       8
       4
       4
       3
       8
       7
       8
       7
       6
      10
       8
      11
       9
       8
       2
       5
       2
       5
       3
       4
      12
       8
       5
      13
       9
       8
       6
       6
       5
       4
       8
       2
       4
       6
       9
       9
       6
       9
      13
       8
      10
      10
       6
      10
       3
       5
       7
       7
       2
       6
       8
       7
       6
       3
       5
       6
       8
      10
       4
       5
       4
       3
       5
       9
       7
       8
       7
       2
       4
       1
       2
       9
       5
       5
       8
       3
       4
       5
       1
       6
       4
       9
       5
       7
       5
       5
       3
       1
       5
       4
       3
       1
       1
       2
       8
       4
       6
       2
       4
       4
       4
       1
       5
       4
       7
       5
       4
       2
       1
       4
       3
       5
       4
       3
       4
       5
       5
       5
       3
       0
       3
       3
      10
       0
       2
       4
       0
       4
       1
       6
       3
       4
       2
       4
       3
       5
       3
       0
       2
       7
       3
       7
       2
       2
       5
       3
       2
       4
       8
       5
       2
       3
       8
       1
       1
       5
       1
       3
       2
       2
       2
       6
       4
       4
       5
       4
       0
       4
       6
       3
       1
       2
       4
       7
       7
       4
       4
       3
       0
       1
       2
       5
       2
       4
       2
       1
       1
       1
       4
       2
       1
       1
       4
       5
       3
       2
       4
       2
       5
       4
       0
       4
       3
       0
       2
       0
       2
       1
       1
       2
       3
       2
       5
       3
       3
       2
       4
       4
       0
       0
       2
       2
       2
       3
       2
       5
       2
       1
       1
       5
       1
       2
       2
       2
       3
       3
       1
       4
       2
       4
       5
       4
       4
       1
       5
       2
       2
       2
       2
       3
       7
       1
       6
       6
       3
       5
       2
       5
       3
       4
       5
       3
       4
       4
       2
       2
       3
       6
       1
       4
       3
       5
       4
       4
       3
       9
       4
       3
       4
      11
       4
       3
       6
       6
       7
       4
       7
       4
       7
       6
       9
      10
       6
       9
      12
       5
       6
       9
      10
       9
       8
      10
      16
       8
      12
       9
       9
       6
       5
       3
       7
       5
       8
       7
       8
       4
       5
       9
       9
       7
       6
       4
       5
       0
       1
       2
       8
       3
       3
       2
       2
       1
       3
       1
       1
       2
       1
       1
       0
       0
       0
       1
       1
       2
       1
       0
       3
       2
       1
       1
       1
       2
       1
       3
       1
       1
       0
       1
       1
       0
       2
       0
       1
       0
       2
       0
       1
       1
       1
       0
       0
       0
       0
       1
       0
       0
       0
       3
       0
       1
       0
       0
       1
       4
       1
       1
       2
       1
       1
       0
       1
       2
       0
       3
       1
       4
       0
       1
       2
       1
       4
       0
       2
       1
       0
       0
       1
       2
       0
       1
       0
       0
       0
       1
       0
       0
       1
       1
       0
       1
       2
       2
       1
       1
       0
       2
       1
       0
       0
       0
       0
       1
       0
       0
       0
       2
       1
       0
       0
       0
       0
       2
       1
       1
       0
       0
       1
       1
       1
       1
       1
       1
       1
       0
       3
       1
       0
       1
       1
       0
       0
       2
       2
       1
       4
       3
       0
       0
       1
       1
       0
       1
       0
       1
       0
       3
       2
       1
       1
       1
       1
       4
       3
       1
       1
       2
       1
       2
       0
       0
       3
       1
       0
       3
       4
       0
       1
       2
       3
       1
       1
       2
       2
       0
       1
       2
       5
       1
       1
       2
       0
       1
       0
       1
       2
       2
       0
       1
       2
       0
       0
       2
       0
       0
       0
       0
       1
       2
       0
       2
       0
       0
       1
       4
       1
       0
       1
       0
       1
       1
       0
       2
       1
       0
       0
       0
       0
       1
       1
       1
       1
       0
       2
       0
       0
       0
       0
       0
       1
       1
       1
       1
       0
       3
       0
       1
       0
       2
       0
       3
       0
       0
       1
       0
       0
       0
       0
       2
       0
       3
       0
       1
       1
       0
       0
       0
       0
       0
       0
       0
       1
       0
       0
       0
       1
       0
       1
       0
       0
       0
       1
       0
       0
       0
       1
       4
       0
       2
       1
       1
       1
       0
       1
       0
       0
       0
       1
       1
       1
       0
       0
       1
       0
       0
       0
       0
       0
       2
       3
       0
       0
       1
       2
       1
       0
       0
       1
       0
       0
       1
       1
       0
       2
       0
       0
       0
       0
       0
       0
       1
       0
       0
       0
       0
       1
       0
       0
       0
       1
       0
       0
       0
       1
       2
       0
       0
       0
       1
       1
       1
       1
       2
       1
       1
       1
       0
       1
       1
       1
       1
       4
       1
       0
       1
       0
       0
       0
       2
       1
       0
       0
       1
       2
       1
       0
       1
       2
       1
       0
       1
       1
       2
       1
       1
       0
       0
       3
       1
       1
       0
       1
       0
       3
       0
       0
       0
       1
       0
       0
       0
       0
       1
       0
       0
       0
       4
       1
       0
       1
       0
       1
       2
       0
       3
       1
       1
       0
       0
       1
       1
       1
       0
       0
       2
       0
       0
       2
       1
       0
       2
       0
       1
       1
       4
       0
       1
       0
       0
       1
       0
       2
       0
       0
       0
       0
       2
       1
       0
       0
       0
       0
       0
       0
       0
       0
       0
       2
       1
       0
       1
       1
       2
       2
       1
       1
       1
       0
       0
       0
       0
       0
       1
       0
       0
       0
       1
       0
       2
       1
       0
       0
       0
       0
       0
       0
       1
       1
       0
       1
       0
       0
       1
       0
       0
       2
       0
       1
       1
       0
       0
       0
       0
       1
       0
       0
       0
       0
       1
       0
       0
       1
       0
       1
       2
       0
       0
       0
       0
       0
       1
       0
       0
       1
       0
       1
       0
       0
       0
       0
       1
       1
       0
       0
       2
       1
       1
       0
       0
       0
       1
       0
       0
       0
       1
       2
       0
       0
       0
       1
       0
       0
       0
       1
       0
       0
       1
       0
       0
       0
       0
       0
       0
       0
       0
       0
       0
       0
       0
       0
       0
       0
       1
       1
       1
       2
       0
       0
       0
       0
       0
       0
       0
       0
       1
       0
       0
       0
       1
       0
       2
       0
       1
       0
       0
       0
       0
       2
       1
       0
       0
       0
       0
       0
       0
       0
       0
       0
       0
       0
       0
       1
       1
       0
       1
       0
       0
       0
       1
       0
       0
       0
       2
       0
       1
       1
       0
       0
       0
       0
       2
       0
       1
       0
       3
       0
       2
       0
       1
       3
       1
       0
       0
       1
       3
       0
       1
       0
       2
       1
       2
       1
       1
       1
       0
       1
       1
       2
       0
       2
       0
       0
       1
       2
       1
       1
       0
       0
       0
       0
       1
       0
       1
       1
       1
       1
       0
       0
       1
       1
       0
       1
       0
       1
       0
       0
       0
       2
       1
       1
       1
       0
       0
       1
       1
       1
       1
       0
       1
       2
       2
       0
       0
       0
       0
       0
       0
       0
       0
       0
       0
       0
       0
       0
       0
       0
       0
       0
       0
       0
       0
       0
       1
       0
       0
       0
       1
       0
       0
       0
       0
       0
       0
       0
       0
       0
       0
       0
       1
       2
       0
       1
       0
       0
       0
       1
       0
       0
       0
       0
       1
       0
       0
       2
       0
       0
       0
       1
       1
       0
       1
       0
       0
       0
       0
       0
       0
       0
       0
       0
       1
       0
       0
       0
       0
       0
       0
       0
       0
       0
       0
       0
       0
       0
       0
       0
       0
       1
       0
       0
       0
       0
       0
       0
       0
       0
       0
       0
       0
       0
       0
       0
       0
       0
       0
       0
       1
       0
       0
       0
       0
       0
       0
       0
       0
       0
       0
       0
       0
       0
       0
       0
       0
       0
       0
       0
       0
       0
       1
       0
       0
       0
       0
       0
       0
       0
       0
       0
       0
       0
       0
       0
       0
       0
       0
       0
       0
       0
       0
       0
       0
       0
       0
       0
       0
       0
       0
       0
       0
       0
       0
       0
       0
       0
       0
       0
       0
       0
       0
       0
       0
       0
       0
       0
       1
       0
       0
       0
       0
       0
       0
       0
       0
       0
       0
       0
       0
       0
       0
       0
       0
       0
       0
       0
       0
       1
       0
       0
       0
       0
       0
       0
       0
       0
       0
       0
       0
       0
       0
       0
       0
       0
       0
       0
       0
       0
       0
       0
       0
       0
       0
       0
       0
       0
       0
       0
       0
       0
       0
       0
       0
       0
       0
       0
       0
       0
       0
       0
       0
       0
       0
       0
       0
       0
       0
       0
       0
       0
       0
       0
       0
       0
       0
       0
       0
       0
       0
       0
       0
       0
       0
       0
       0
       0
       0
       0
       0
       0
       0
       0
       0
       0
       0
       0
       0
       0
       0
       0
       0
       0
       0
       0
       0
       0
       0
       0
       0
       0
       0
       0
       0
       0
       0
       0
       0
       0
       0
       0
       0
       0
       0
       0
       0
       0
       0
       0
       0
       0
       0
       0
       0
       0
       0
       1
       0
       0
       0
       0
       0
       0
       0
       0
       0
       0
       0
       0
       0
       0
       0
       0
       0
       0
       0
       0
       0
       0
       0
       0
       0
       0
       0
       0
       0
       0
       0
       0
       0
       0
       0
       0
       0
       0
       0
       0
       0
       0
       0
       0
       0
       0
       0
       0
       0
       0
       0
       0
       0
       0
       0
       0
       0
       0
       0
       0
       0
       0
       0
       0
       0
       0
       0
       0
       0
       0
       0
       0
       0
       0
       0
       0
       0
       0
       0
       0
       0
       0
       0
       0
       0
       0
       0
       0
       0
       0
       0
       0
       0
       0
       0
       0
       0
       0
       0
       0
       0
       0
       0
       0
       0
       0
       0
       0
       0
       0
       0
       0
       0
       0
       0
       0
       0
       0
       0
       0
       0
       0
       0
       0
       0
       0
       0
       0
       0
       0
       0
       0
       0
       0
       0
       0
       0
       0
       0
       0
       0
       0
       0
       0
       0
       0
       0
       0
       0
       0
       0
       0
       0
$ROI:
5
471 536
564 647
763 844
1001 1090
1573 1669
$PRESETS:
Real Time
60
0
$ENER_FIT:
-20.212013 1.714672
$MCA_CAL:
3
-2.021201E+001 1.714672E+000 4.288640E-006 keV
$SHAPE_CAL:
3
1.158210E+001 3.853783E-002 -7.560620E-006
