$SPEC_ID:
This is spectrum 027
$SPEC_REM:
DET# 1
DETDESC# CK155-04 Easy-MCA-2k SN 12292282
AP# Maestro Version 7.01
$DATE_MEA:
02/17/2022 13:47:50
$MEAS_TIM:
59 60
$DATA:
0 2047
       0
       0
       0
       0
       0
       0
       0
       0
       0
       0
       0
       0
       0
       0
      28
      32
      29
      26
      33
      37
      29
      31
      27
      37
      29
      30
      34
      20
      32
      25
      41
      48
      37
      37
      38
      42
      49
      46
      57
      61
      77
      84
      77
      81
      93
      97
      79
      95
     106
     127
     125
     101
     110
     162
     150
     129
     121
     144
     156
     134
     157
     131
     140
     159
     137
     143
     160
     148
     146
     147
     144
     160
     161
     154
     165
     148
     166
     164
     156
     163
     121
     156
     144
     157
     146
     132
     146
     134
     137
     122
     138
     123
     124
     127
     142
     140
     120
     127
     130
     133
     113
     143
      99
     109
     118
     113
      99
     112
     114
     115
     109
      98
     100
     114
     109
      99
     120
      85
      95
      99
      99
      97
      81
      83
      86
      92
     111
      86
      69
      93
      96
      93
      82
      91
      87
      82
      81
      72
      67
      90
      72
      88
      88
      55
      74
      87
      59
      90
      79
      70
      72
      58
      65
      62
      67
      61
      64
      56
      55
      62
      49
      61
      59
      58
      45
      44
      47
      58
      48
      54
      52
      55
      52
      46
      53
      56
      46
      49
      55
      47
      56
      47
      43
      43
      44
      40
      35
      51
      45
      42
      39
      41
      35
      43
      40
      26
      42
      55
      33
      36
      31
      31
      38
      39
      34
      38
      41
      36
      37
      36
      38
      37
      18
      26
      33
      34
      44
      34
      39
      39
      28
      36
      27
      26
      19
      17
      24
      32
      25
      29
      33
      28
      35
      28
      29
      24
      17
      25
      21
      17
      23
      28
      15
      27
      25
      27
      18
      37
      22
      18
      14
      19
      20
      26
      15
      16
      20
      16
      17
      24
      25
      17
       8
      12
      18
      26
      23
      18
      17
      17
      15
      11
      17
      19
      14
      22
      24
      18
      10
      16
      18
      17
      19
      17
      21
      22
       8
      17
      15
      13
      20
      11
      23
      15
      16
      25
      11
      21
      23
      10
      17
      24
      25
      18
      11
      13
      14
      14
      23
      20
      24
      16
      15
      25
      11
      10
      13
      23
      21
      21
      15
       8
      18
      17
      13
      23
      10
      20
      17
      13
      12
      12
      12
      13
      15
      14
      16
      15
      11
      10
       7
       9
      25
      12
       9
      20
       9
      15
      18
      16
      17
      17
      17
      18
       7
      19
      12
      12
      13
      15
      12
       8
      13
      17
      17
      14
      12
       9
      14
      13
      20
      18
      11
      13
      12
      12
      15
      11
      12
      12
      11
       6
      12
      12
      10
       9
       6
       9
       5
       6
      10
      14
       5
       7
       8
      13
      11
       6
      13
      17
       6
       4
       5
       6
      12
      10
       6
       6
       7
      10
       5
       4
      10
       7
      12
      11
      10
       5
       9
      11
       4
       8
       8
       6
      10
       7
       7
       8
      12
       4
       9
       6
       8
       4
       5
       8
       8
       9
       6
       6
       6
       9
       7
       8
      10
       7
       8
       6
      14
      10
       4
       7
       6
       3
       4
       9
       2
       7
       9
      12
      15
       7
      12
       9
       5
       6
      10
       1
       4
       8
       9
       6
       5
       6
       9
       6
       5
       8
      10
      11
      10
       8
       8
      10
       4
       9
       6
       3
       8
      12
      13
      11
      12
      13
      14
       8
      13
      18
      20
      13
      19
       8
      15
      12
      18
      14
       8
      11
      11
       4
      12
      16
      16
      14
      14
      11
      17
      12
       9
       8
      12
       6
       7
      13
      10
       6
       6
       2
      11
       8
      13
       2
       5
       5
       5
      10
       9
      10
       4
       6
      10
       7
       9
       5
       6
       3
       6
       8
       7
       5
       9
      10
       6
       7
       8
       5
       6
       5
       5
       5
       7
       5
       5
       3
       4
       5
       5
       6
       3
       7
       7
       2
       7
      11
       8
       2
       6
       6
       2
       4
       7
       5
       4
       8
       7
       9
       6
      10
       2
       5
       6
       2
       4
       4
       8
       3
       8
       7
       3
       7
       1
       8
       8
       6
       6
       3
       1
       5
       7
       4
       8
       4
       4
       9
       5
       5
       4
       6
       4
       7
       4
       3
       5
       7
       8
       1
       5
       4
       3
       3
      10
       4
       6
       4
      11
       4
       6
       3
       5
       6
       1
       4
       2
       4
       5
       2
       6
      10
       3
       5
       3
       2
       9
       4
       7
       5
       2
       2
       2
       4
       3
       0
       1
       5
       5
       3
       0
       5
       4
       4
       4
       3
       4
       1
       3
       5
       3
       5
       4
       2
       1
       3
       2
       3
       2
       2
       9
       2
       2
       4
       5
       2
       3
       7
       3
       5
       2
       4
       4
       2
       4
       4
       5
       7
       4
       3
       1
       2
       9
       5
       3
       3
       2
       0
       2
       3
       3
       4
       2
       3
       2
       1
       4
       2
       7
       4
       1
       1
       1
       1
       1
       3
       4
       6
       2
       2
       5
       2
       2
       1
       3
       2
       4
       3
       3
       5
       0
       1
       1
       1
       4
       4
       2
       3
       2
       4
       5
       1
       1
       0
       5
       4
       0
       1
       3
       0
       2
       7
       1
       0
       4
       3
       3
       3
       1
       1
       1
       5
       0
       3
       0
       2
       4
       1
       1
       3
       5
       4
       1
       4
       2
       2
       1
       4
       4
       3
       4
       4
       3
       2
       2
       2
       1
       4
       0
       2
       5
       3
       2
       3
       1
       4
       2
       3
       3
       1
       6
       0
       5
       5
       4
       5
       4
       1
       3
       1
       5
       6
       3
       3
       3
       2
       4
       4
       7
       7
       5
       4
      11
       7
       6
       4
       9
       8
      12
       4
       7
      13
      10
       5
       8
       7
      12
      11
       8
       9
       5
       8
      12
       3
       8
       8
       8
       7
       8
       6
       4
       5
      14
       7
      12
       6
       9
       7
       7
       5
       6
       7
       7
       7
       2
       5
       4
       3
       4
       6
       7
       4
       5
       1
       1
       4
       1
       3
       0
       0
       4
       2
       1
       0
       2
       2
       2
       2
       1
       1
       0
       1
       2
       0
       1
       2
       1
       0
       2
       1
       0
       0
       0
       0
       2
       2
       1
       1
       2
       0
       1
       1
       1
       2
       2
       1
       2
       1
       0
       1
       1
       2
       0
       1
       2
       0
       2
       1
       0
       1
       0
       0
       1
       1
       1
       1
       1
       1
       0
       0
       2
       0
       0
       0
       0
       0
       0
       0
       1
       1
       1
       1
       2
       2
       0
       0
       0
       0
       0
       1
       0
       0
       0
       0
       1
       0
       0
       0
       0
       0
       0
       1
       1
       1
       2
       0
       2
       0
       2
       1
       2
       2
       1
       0
       2
       1
       0
       0
       0
       0
       2
       3
       1
       1
       1
       1
       1
       0
       1
       0
       2
       5
       2
       0
       0
       3
       0
       1
       0
       1
       0
       0
       0
       0
       2
       1
       1
       1
       1
       1
       3
       0
       1
       1
       1
       2
       1
       1
       1
       0
       1
       0
       2
       0
       1
       1
       1
       0
       1
       2
       0
       1
       2
       0
       1
       4
       0
       0
       1
       1
       1
       2
       0
       1
       1
       1
       0
       0
       0
       2
       0
       0
       1
       0
       3
       0
       0
       1
       0
       0
       0
       0
       1
       1
       1
       1
       2
       1
       2
       0
       1
       0
       0
       0
       1
       2
       1
       0
       0
       0
       1
       0
       2
       0
       0
       0
       0
       0
       1
       1
       0
       0
       1
       1
       0
       0
       3
       0
       0
       0
       0
       0
       1
       1
       1
       0
       1
       0
       0
       0
       0
       1
       2
       1
       0
       0
       0
       0
       0
       0
       0
       0
       0
       1
       1
       0
       1
       0
       0
       0
       0
       2
       0
       1
       2
       0
       0
       1
       1
       0
       1
       1
       0
       0
       0
       0
       0
       0
       0
       1
       1
       0
       0
       1
       0
       2
       0
       0
       0
       0
       0
       1
       0
       2
       1
       0
       0
       2
       0
       0
       0
       2
       0
       0
       0
       0
       2
       1
       0
       0
       0
       0
       2
       1
       0
       0
       2
       1
       1
       0
       0
       0
       0
       1
       1
       1
       3
       1
       3
       2
       0
       1
       0
       1
       1
       0
       4
       0
       0
       0
       0
       1
       0
       1
       0
       0
       1
       0
       0
       0
       0
       0
       2
       1
       2
       2
       1
       1
       2
       0
       0
       0
       2
       0
       1
       0
       1
       2
       1
       0
       1
       1
       0
       1
       0
       2
       1
       0
       1
       0
       0
       0
       0
       0
       0
       1
       1
       0
       2
       1
       0
       1
       0
       0
       4
       1
       0
       0
       0
       0
       0
       0
       0
       0
       0
       2
       0
       0
       0
       1
       0
       0
       1
       0
       0
       0
       2
       1
       0
       0
       0
       0
       0
       0
       0
       2
       0
       0
       1
       2
       0
       1
       0
       0
       0
       2
       2
       1
       0
       0
       0
       0
       1
       0
       3
       0
       1
       0
       0
       0
       0
       0
       1
       0
       0
       0
       0
       1
       0
       1
       0
       0
       0
       0
       1
       0
       0
       0
       0
       0
       0
       3
       1
       1
       0
       1
       0
       0
       0
       1
       0
       1
       0
       1
       1
       0
       0
       1
       2
       0
       0
       0
       0
       2
       1
       0
       1
       1
       2
       0
       1
       1
       0
       0
       0
       1
       1
       0
       0
       0
       0
       2
       0
       0
       0
       0
       1
       0
       1
       0
       0
       0
       0
       0
       0
       0
       0
       0
       0
       0
       1
       0
       0
       0
       0
       0
       1
       0
       0
       0
       0
       0
       0
       2
       0
       0
       0
       0
       0
       0
       0
       1
       1
       0
       1
       0
       0
       0
       0
       0
       1
       0
       0
       0
       0
       0
       0
       1
       1
       1
       0
       0
       0
       0
       0
       1
       0
       1
       0
       1
       1
       0
       1
       0
       1
       1
       0
       0
       1
       1
       0
       0
       0
       0
       0
       1
       0
       0
       0
       0
       2
       2
       0
       1
       0
       1
       0
       0
       1
       0
       1
       1
       2
       3
       2
       1
       0
       2
       2
       1
       0
       0
       0
       2
       4
       1
       1
       0
       0
       1
       1
       0
       0
       0
       0
       1
       0
       1
       1
       1
       1
       1
       0
       1
       2
       2
       0
       1
       1
       2
       2
       0
       0
       0
       1
       2
       0
       2
       0
       0
       1
       0
       1
       1
       0
       1
       0
       1
       0
       0
       0
       0
       1
       0
       1
       1
       0
       0
       0
       0
       0
       2
       0
       0
       1
       0
       0
       0
       0
       0
       1
       0
       1
       1
       0
       0
       1
       0
       1
       1
       0
       0
       0
       0
       1
       2
       0
       0
       0
       0
       0
       0
       2
       0
       0
       0
       0
       0
       0
       0
       1
       0
       1
       0
       0
       0
       0
       0
       0
       0
       1
       0
       0
       1
       0
       0
       0
       0
       0
       0
       1
       1
       0
       0
       0
       0
       0
       0
       1
       0
       1
       0
       1
       0
       0
       0
       1
       0
       0
       1
       0
       0
       1
       0
       0
       0
       0
       1
       0
       0
       0
       0
       0
       0
       0
       0
       0
       0
       0
       0
       0
       0
       0
       0
       0
       0
       0
       0
       0
       0
       0
       0
       0
       0
       0
       0
       0
       0
       0
       0
       0
       0
       0
       0
       0
       0
       0
       0
       0
       0
       0
       1
       0
       0
       0
       0
       0
       0
       0
       0
       0
       0
       0
       0
       0
       0
       0
       0
       0
       0
       0
       0
       0
       0
       0
       0
       0
       0
       0
       0
       0
       0
       0
       0
       0
       0
       0
       0
       0
       0
       0
       0
       0
       0
       0
       0
       0
       0
       0
       0
       0
       0
       0
       0
       0
       0
       0
       0
       0
       1
       0
       0
       0
       0
       0
       0
       0
       0
       0
       0
       0
       0
       0
       0
       0
       0
       0
       0
       0
       0
       0
       0
       0
       0
       0
       0
       0
       0
       0
       0
       0
       0
       0
       0
       0
       0
       0
       0
       0
       0
       0
       0
       0
       0
       0
       0
       0
       0
       0
       0
       0
       0
       0
       0
       0
       0
       0
       0
       0
       0
       0
       0
       0
       0
       0
       0
       0
       0
       0
       0
       0
       0
       0
       0
       0
       0
       0
       0
       0
       0
       0
       0
       0
       0
       0
       0
       1
       0
       0
       0
       0
       0
       0
       0
       0
       0
       0
       0
       0
       0
       0
       0
       0
       0
       0
       0
       0
       0
       0
       0
       0
       0
       1
       0
       0
       0
       0
       0
       1
       0
       0
       0
       0
       0
       0
       0
       0
       0
       0
       0
       0
       1
       0
       0
       0
       0
       0
       0
       0
       0
       0
       0
       0
       0
       0
       0
       0
       0
       0
       0
       0
       0
       0
       0
       0
       0
       0
       0
       0
       0
       0
       0
       0
       0
       0
       0
       0
       0
       0
       0
       0
       0
       0
       0
       0
       0
       0
       0
       0
       0
       0
       0
       0
       0
       0
       0
       0
       0
       0
       0
       0
       0
       0
       0
       0
       0
       0
       0
       0
       0
       0
       0
       0
       0
       0
       0
       0
       0
       0
       0
       0
       0
       0
       0
       0
       0
       0
       0
       0
       0
       0
       0
       0
       0
       0
       0
       0
       0
       0
       0
       0
       0
       0
       0
       0
       0
       0
       0
       0
       0
       0
       0
       0
       0
       0
       0
       0
       0
       0
       0
       0
       0
       0
       0
       0
       0
       0
       0
       0
       0
       0
       0
       0
       0
       0
       0
       0
       0
       0
       0
       0
       0
       0
       0
       0
       0
       0
       0
       0
       0
       0
       0
$ROI:
5
471 536
564 647
763 844
1001 1090
1573 1669
$PRESETS:
Real Time
60
0
$ENER_FIT:
-20.212013 1.714672
$MCA_CAL:
3
-2.021201E+001 1.714672E+000 4.288640E-006 keV
$SHAPE_CAL:
3
1.158210E+001 3.853783E-002 -7.560620E-006
