$SPEC_ID:
This is spectrum 002
$SPEC_REM:
DET# 1
DETDESC# CK155-04 Easy-MCA-2k SN 12292282
AP# Maestro Version 7.01
$DATE_MEA:
02/17/2022 13:22:16
$MEAS_TIM:
59 60
$DATA:
0 2047
       0
       0
       0
       0
       0
       0
       0
       0
       0
       0
       0
       0
       0
       1
      40
      38
      51
      36
      42
      55
      38
      44
      34
      57
      47
      37
      45
      37
      42
      47
      61
      66
      52
      81
      60
      73
      84
      85
      94
      86
      85
      98
     102
     108
     117
     106
     118
     135
     137
     129
     146
     144
     126
     165
     141
     173
     143
     148
     159
     182
     158
     157
     191
     182
     192
     200
     176
     154
     170
     190
     179
     164
     179
     182
     192
     172
     191
     162
     157
     168
     169
     196
     148
     153
     162
     156
     167
     137
     169
     175
     154
     159
     157
     147
     138
     144
     170
     135
     146
     122
     128
     133
     120
     156
     157
     139
     135
     141
     130
     108
     145
     115
     116
     127
     121
     112
     110
     111
     124
     125
     112
     100
     135
     107
     121
     120
     123
     129
     118
     112
     113
     116
     100
      97
      96
      97
     107
     121
      79
     114
     101
      97
      98
     105
      96
      94
      99
      92
      88
      98
      86
      93
      71
      87
      95
      86
     108
      94
      98
      82
      74
      79
      81
      76
      76
      62
      72
      69
      80
      69
      73
      71
      55
      69
      66
      63
      70
      58
      51
      55
      65
      73
      49
      66
      61
      50
      67
      65
      58
      72
      63
      46
      59
      60
      61
      62
      58
      64
      45
      54
      46
      43
      65
      44
      41
      42
      63
      46
      54
      47
      43
      49
      42
      40
      44
      37
      41
      40
      55
      35
      34
      39
      29
      39
      41
      43
      35
      45
      39
      44
      36
      30
      28
      30
      29
      39
      37
      46
      33
      25
      44
      39
      35
      36
      26
      34
      29
      31
      26
      27
      28
      27
      27
      23
      45
      40
      39
      25
      27
      32
      31
      30
      33
      36
      32
      31
      26
      19
      35
      30
      26
      19
      25
      32
      27
      18
      31
      32
      29
      30
      25
      29
      32
      17
      17
      26
      39
      33
      28
      28
      27
      31
      26
      31
      21
      32
      39
      31
      31
      26
      26
      35
      31
      22
      31
      22
      25
      23
      34
      20
      32
      29
      24
      24
      28
      23
      23
      26
      29
      31
      18
      22
      18
      24
      25
      25
      21
      29
      21
      20
      19
      25
      20
      27
      28
      26
      26
      22
      22
      22
      26
      16
      32
      18
      25
      22
      19
      17
      28
      27
      36
      15
      18
      27
      16
      23
      23
      22
      26
      21
      24
      24
      27
      28
      21
      23
      24
      18
      25
      23
      24
      19
      26
      20
      26
      27
      16
      20
      15
      20
      21
      18
      16
      15
      16
      17
      14
      19
      23
      15
      18
      22
      17
      23
      14
      17
      17
       8
      14
      18
      13
      17
      13
       9
      15
      18
      11
      13
      15
      14
      16
      13
      16
      12
      17
      15
       7
       9
      15
      18
       9
      14
      14
      14
      19
      23
      14
      17
      12
       9
      15
      13
      16
      17
      13
      15
       8
      13
      13
      17
      13
      18
      19
      16
      16
      12
      10
      12
      20
      10
      17
      14
      21
      19
      12
      12
      11
       9
      15
      16
      15
      13
       8
      14
      15
      18
      13
       7
      15
      16
      10
       7
      19
      13
      20
      15
      16
      17
      19
       8
      17
      19
      20
      24
      25
      16
      24
      30
      26
      27
      33
      27
      26
      33
      38
      35
      39
      40
      34
      40
      39
      41
      38
      26
      37
      45
      34
      47
      45
      41
      29
      36
      30
      32
      30
      29
      27
      21
      24
      24
      30
      30
      19
      21
      12
      20
      16
      19
      14
      11
      15
       7
      15
      11
       8
      19
      13
      14
      15
      15
      12
      13
       9
       5
       8
       7
      12
      14
       6
      17
      12
      10
       7
      13
       7
      15
       7
      11
      13
       8
       5
       6
       6
       8
       7
      10
       9
      13
      18
      12
      15
      13
      11
      10
      12
      15
       6
      14
      11
       9
       9
      14
      14
      11
      13
       6
      11
      13
      13
      16
      15
      10
      13
      12
      16
      23
      19
      25
      13
      13
      11
       9
      13
      24
      13
      17
      24
      18
      16
      12
      13
      12
      24
      15
      16
      13
      11
      15
      10
      10
      11
      12
      12
      10
      18
      13
      12
       7
       7
      10
      11
      19
      10
       9
      11
      14
       8
      10
      11
       7
      10
      12
       7
      11
       5
       9
      11
       8
       9
       5
       9
       7
       7
       7
      10
      10
       8
       8
       8
       6
       9
      12
       5
       7
       7
       7
       6
       7
      11
       7
       8
      12
       8
       7
       8
      11
       6
       9
      12
      14
       6
       8
       9
       7
       9
      10
       9
       7
       4
      11
       6
       7
       5
       5
      10
       9
      10
      14
       7
       8
      14
       9
       7
       7
       5
      13
       8
      13
       7
      10
       6
       9
       9
      12
       6
       5
      11
       8
       7
       8
       3
      15
       5
       6
      13
      12
       4
       5
       3
       7
      10
      10
       5
      10
       5
      10
       9
       5
       6
      14
       9
       9
       7
       7
      10
      10
       6
       5
       6
       6
      13
      11
       5
      14
       8
      18
       4
      15
      12
      15
       5
       8
      10
       5
       5
       8
      10
       9
      13
      10
      11
      13
      11
       6
       9
       5
      10
       8
      13
       6
       8
       9
      10
       8
       8
      11
      13
       9
       8
      11
      13
       8
       9
       9
      12
       8
       5
       9
      11
      13
      12
       6
       6
       7
      12
       3
       5
      11
       7
       8
       6
       9
       6
      12
       4
       8
      11
      10
      10
       9
       8
       8
      11
       7
       6
      11
      11
       9
      12
      11
      13
      16
       7
      12
      12
       9
      11
       9
      10
       7
      12
      13
      15
       7
       8
      15
      15
      10
      16
       7
      22
      12
      17
      12
      14
      14
      19
      12
      14
      22
      21
      20
      12
      22
      11
      13
      22
      19
      13
      14
      10
      18
       5
      12
      12
      19
      13
      15
      14
      10
      15
      12
       8
      11
       9
       7
      10
      10
      12
       7
       4
      13
       9
      10
       4
      13
       6
       6
       3
       3
       8
       5
       5
       6
       6
       4
       5
       8
       5
       5
       4
       3
       1
       6
       5
       4
       5
       8
       2
       2
       2
       4
       7
       5
       7
       8
       3
       6
       4
       4
       1
       6
       3
       2
       0
       1
       6
       1
       2
       3
       2
       3
       2
       2
       4
       4
       4
       1
       3
       2
       3
       5
       0
       3
       1
       2
       3
       2
       0
       6
       1
       2
       1
       1
       4
       0
       2
       2
       1
       5
       1
       0
       1
       3
       1
       1
       2
       1
       4
       2
       3
       3
       1
       1
       1
       1
       3
       0
       2
       3
       2
       1
       3
       0
       0
       5
       3
       1
       3
       1
       2
       6
       0
       3
       1
       5
       6
       1
       8
       4
       6
       5
      11
      14
       8
       8
       8
       5
      12
       7
      17
      10
      19
      14
      17
       9
      22
       8
      19
      18
      10
      21
      19
      16
      25
      29
      26
      21
      25
      41
      28
      23
      33
      38
      22
      28
      34
      29
      32
      31
      25
      31
      29
      26
      19
      22
      26
      26
      35
      18
      17
      22
      21
      11
      24
      22
      15
      18
      25
      13
      18
       9
      13
      15
      13
      16
      12
      14
      10
      13
       6
       6
       6
       6
       4
      10
       3
       9
       7
       3
       5
       3
       6
       4
       2
       2
       2
       1
       2
       1
       1
       0
       2
       2
       0
       2
       0
       0
       0
       2
       0
       1
       0
       2
       0
       0
       0
       2
       0
       0
       1
       1
       1
       2
       1
       1
       1
       1
       1
       1
       0
       0
       0
       1
       1
       2
       3
       0
       0
       0
       0
       0
       0
       0
       0
       1
       2
       0
       0
       3
       0
       1
       1
       2
       1
       1
       2
       0
       0
       0
       1
       1
       0
       0
       0
       2
       2
       0
       0
       0
       2
       1
       0
       1
       1
       2
       1
       0
       1
       0
       1
       0
       0
       0
       1
       0
       0
       2
       2
       0
       0
       0
       1
       0
       1
       0
       1
       0
       0
       0
       0
       0
       4
       0
       0
       1
       1
       1
       0
       0
       0
       0
       0
       0
       1
       0
       0
       1
       0
       1
       0
       2
       0
       1
       1
       2
       0
       0
       0
       2
       0
       0
       0
       0
       0
       0
       3
       2
       2
       1
       1
       0
       1
       1
       0
       1
       2
       0
       2
       1
       0
       5
       0
       0
       0
       1
       0
       1
       0
       1
       2
       0
       0
       1
       2
       0
       1
       0
       1
       0
       2
       0
       1
       0
       0
       0
       0
       1
       2
       0
       1
       1
       1
       2
       0
       1
       1
       1
       0
       0
       1
       0
       0
       0
       0
       2
       2
       0
       1
       0
       1
       0
       1
       0
       2
       1
       0
       1
       1
       0
       1
       1
       0
       0
       0
       0
       2
       1
       0
       2
       1
       1
       1
       0
       0
       0
       2
       1
       0
       0
       1
       0
       1
       2
       2
       1
       0
       0
       1
       1
       1
       0
       0
       2
       0
       0
       0
       1
       0
       0
       0
       0
       4
       1
       0
       0
       0
       1
       0
       2
       0
       2
       0
       1
       0
       0
       1
       0
       1
       0
       0
       1
       0
       0
       1
       1
       0
       0
       2
       2
       2
       0
       0
       0
       1
       0
       1
       1
       0
       0
       0
       0
       0
       0
       0
       0
       0
       1
       1
       0
       2
       1
       0
       0
       0
       0
       0
       0
       0
       1
       0
       1
       1
       0
       0
       0
       0
       0
       0
       0
       0
       0
       0
       0
       0
       1
       0
       0
       0
       0
       0
       1
       0
       0
       0
       1
       0
       2
       1
       0
       0
       0
       0
       0
       0
       0
       0
       1
       0
       0
       0
       0
       1
       0
       0
       0
       1
       0
       0
       0
       0
       0
       1
       1
       0
       0
       1
       0
       0
       0
       0
       2
       1
       0
       0
       1
       0
       0
       0
       1
       0
       0
       0
       0
       0
       0
       0
       1
       0
       0
       1
       0
       0
       1
       0
       1
       0
       0
       0
       1
       0
       0
       0
       1
       0
       0
       0
       3
       0
       0
       1
       1
       2
       1
       2
       0
       1
       0
       1
       0
       1
       0
       0
       2
       0
       0
       1
       1
       0
       0
       1
       2
       2
       0
       0
       2
       0
       1
       0
       1
       1
       0
       2
       0
       0
       2
       1
       0
       1
       2
       1
       1
       2
       2
       2
       1
       0
       0
       0
       0
       0
       1
       0
       1
       0
       1
       0
       0
       0
       0
       1
       0
       0
       0
       0
       1
       0
       0
       0
       0
       0
       0
       0
       1
       1
       0
       0
       0
       0
       0
       0
       0
       0
       0
       1
       0
       0
       0
       0
       0
       0
       0
       0
       2
       0
       0
       0
       1
       1
       1
       0
       0
       1
       1
       0
       0
       1
       0
       0
       1
       0
       0
       1
       0
       0
       0
       0
       0
       1
       0
       0
       0
       0
       0
       0
       0
       1
       0
       0
       1
       0
       1
       1
       1
       1
       1
       0
       1
       0
       0
       0
       0
       0
       0
       0
       1
       0
       1
       0
       0
       0
       0
       0
       0
       0
       0
       0
       2
       0
       0
       0
       0
       0
       0
       0
       0
       0
       0
       0
       0
       0
       0
       0
       0
       0
       0
       0
       0
       0
       0
       0
       0
       0
       0
       0
       0
       0
       0
       0
       0
       0
       0
       0
       0
       0
       0
       0
       0
       0
       0
       1
       0
       0
       0
       0
       0
       0
       0
       0
       0
       0
       0
       0
       0
       0
       0
       0
       1
       0
       0
       0
       0
       0
       0
       0
       0
       0
       0
       0
       0
       0
       0
       0
       0
       0
       0
       0
       0
       1
       0
       0
       1
       0
       0
       0
       0
       0
       0
       0
       0
       0
       0
       0
       0
       0
       0
       0
       0
       1
       0
       0
       0
       0
       0
       0
       0
       0
       0
       0
       0
       0
       0
       0
       0
       0
       0
       0
       0
       0
       0
       0
       0
       0
       0
       0
       0
       0
       0
       0
       0
       0
       0
       0
       0
       0
       0
       0
       0
       0
       0
       0
       0
       0
       0
       0
       0
       0
       0
       0
       0
       0
       0
       0
       0
       0
       0
       0
       0
       0
       0
       0
       0
       0
       0
       0
       0
       0
       0
       0
       0
       0
       0
       0
       0
       0
       0
       0
       0
       0
       0
       0
       0
       0
       0
       0
       0
       0
       0
       0
       0
       0
       0
       0
       0
       0
       0
       0
       0
       0
       0
       0
       0
       0
       0
       0
       0
       0
       0
       0
       0
       0
       0
       0
       0
       0
       0
       1
       0
       0
       0
       0
       0
       0
       0
       0
       0
       0
       0
       0
       0
       0
       0
       0
       0
       0
       0
       0
       0
       0
       0
       0
       0
       0
       0
       0
       0
       0
       0
       0
       0
       0
       0
       0
       0
       0
       0
       0
       0
       0
       0
       0
       0
       0
       0
       0
       0
       0
       0
       0
       0
       0
       0
       0
       0
       0
       0
       0
       0
       0
       0
       0
       0
       0
       0
       0
       0
       0
       0
       0
       0
       0
       0
       0
       0
       0
       0
       0
       0
       0
       0
       0
       0
       0
       0
       0
       0
       0
       0
       0
       0
       0
       0
       0
       0
       0
       0
       0
       0
       0
       0
       0
       0
       0
       0
       0
       0
       0
       0
       0
       0
       0
       0
       0
       0
       0
       0
       0
       0
       0
       0
       0
       0
       0
       0
       0
       0
       0
       0
       0
       0
       0
       0
       0
       0
       0
       0
       0
       0
       0
       0
       0
       0
       0
       0
       0
       0
       0
       0
       0
       0
       0
       0
       0
       0
       0
       0
       0
       0
$ROI:
5
471 536
564 647
763 844
1001 1090
1573 1669
$PRESETS:
Real Time
60
0
$ENER_FIT:
-20.212013 1.714672
$MCA_CAL:
3
-2.021201E+001 1.714672E+000 4.288640E-006 keV
$SHAPE_CAL:
3
1.158210E+001 3.853783E-002 -7.560620E-006
