$SPEC_ID:
This is spectrum 001
$SPEC_REM:
DET# 1
DETDESC# CK155-04 Easy-MCA-2k SN 12292282
AP# Maestro Version 7.01
$DATE_MEA:
02/17/2022 13:21:15
$MEAS_TIM:
59 60
$DATA:
0 2047
       0
       0
       0
       0
       0
       0
       0
       0
       0
       0
       0
       0
       0
       1
      44
      45
      46
      43
      44
      48
      48
      47
      54
      61
      45
      42
      42
      51
      55
      62
      76
      56
      63
      74
      68
      68
      89
     104
     114
      89
     100
     118
     110
      97
     104
     124
     122
     141
     138
     158
     153
     179
     143
     166
     166
     158
     176
     166
     180
     155
     197
     184
     163
     174
     186
     184
     179
     183
     195
     179
     189
     196
     159
     195
     172
     197
     172
     180
     163
     180
     181
     204
     188
     165
     159
     185
     155
     172
     142
     183
     181
     155
     173
     170
     176
     137
     162
     168
     152
     144
     145
     141
     134
     164
     145
     162
     138
     137
     134
     127
     120
     132
     142
     129
     154
     117
     120
     152
     129
     112
     143
     120
     124
     126
     122
     120
     119
     109
     127
     113
     128
     121
     128
     102
      78
     104
     116
     110
     119
     121
     105
     124
     111
     131
     114
     101
      93
     102
      98
      89
      98
      99
      98
      93
     100
      79
      76
      81
      82
      98
      82
      78
      72
      82
      86
      70
      73
      78
      68
      71
      65
      54
      77
      78
      66
      69
      72
      62
      56
      65
      60
      78
      76
      54
      51
      62
      68
      65
      59
      50
      63
      62
      55
      57
      55
      58
      47
      49
      50
      50
      57
      43
      55
      44
      53
      49
      55
      55
      52
      53
      61
      42
      65
      61
      51
      49
      55
      43
      51
      48
      47
      53
      46
      33
      55
      37
      45
      35
      52
      43
      29
      43
      45
      37
      44
      43
      35
      30
      43
      42
      25
      38
      33
      39
      31
      33
      44
      26
      43
      39
      32
      30
      29
      27
      36
      26
      36
      38
      34
      28
      30
      30
      41
      40
      32
      36
      30
      29
      31
      29
      37
      30
      29
      35
      37
      23
      24
      23
      37
      34
      25
      28
      42
      28
      29
      27
      45
      32
      29
      30
      28
      37
      32
      36
      35
      27
      29
      36
      31
      42
      38
      23
      23
      27
      28
      27
      24
      30
      27
      25
      37
      30
      25
      18
      24
      35
      27
      26
      29
      30
      29
      28
      25
      36
      22
      21
      25
      19
      25
      36
      27
      21
      37
      25
      24
      27
      23
      23
      31
      26
      19
      29
      14
      27
      21
      18
      33
      20
      25
      28
      32
      22
      22
      23
      24
      33
      26
      27
      32
      23
      27
      32
      18
      21
      22
      30
      18
      28
      17
      23
      28
      33
      21
      22
      19
      24
      27
      21
      33
      18
      20
      20
      20
      16
      20
      16
      15
      25
      21
      20
      15
      21
      18
      17
      15
      11
      14
      23
      19
      13
      20
      21
      16
      13
      13
      17
      17
      17
      22
      14
      14
      16
      10
      15
      20
      18
      26
       9
      16
      22
      15
      14
      16
      15
      16
      14
      15
      12
      12
      11
      23
      10
      21
      15
      12
      20
      20
      18
      28
      20
      10
      12
      17
      18
      20
      20
      21
      24
      17
      18
      17
      14
       9
      16
      14
      18
      12
      21
      14
      14
      14
      16
      11
      25
      14
      17
      15
      12
      18
      17
      12
       9
       9
      13
      15
      15
      25
      16
      16
      14
      15
      15
      17
      16
      25
      26
      23
      25
      26
      34
      41
      25
      36
      43
      38
      33
      24
      38
      48
      39
      37
      40
      58
      38
      56
      42
      41
      45
      40
      35
      33
      38
      39
      31
      32
      38
      29
      25
      36
      33
      34
      29
      21
      20
      13
      26
      18
      15
      24
      10
      14
      15
      18
      16
       8
      10
      14
      17
      14
      13
      13
       8
      13
      20
      16
       8
       9
      12
      13
      14
      19
      14
      11
      20
      10
      16
      22
       6
      16
      10
      14
      20
      11
      18
      17
      13
      14
      13
      16
      13
      19
      13
      21
       7
      11
      18
      12
      12
      13
      15
      10
      15
      12
      13
      10
      25
       9
       8
      18
      12
      12
      21
      14
      14
      20
      18
      18
      22
      21
      17
      14
      20
      20
      13
      16
      11
      11
      23
      13
      17
      14
      21
      18
      20
      14
      15
      10
      15
      14
      22
      15
      11
      14
       9
       9
      13
      13
      13
      11
      11
      11
      14
      10
       7
      14
       7
      17
      11
       9
       9
      11
      11
      10
      12
       8
      10
      12
       8
       9
      11
      11
      14
       9
       8
      11
      16
      17
       4
       6
      12
       9
       8
      12
       7
       9
      15
       4
      14
      16
      11
      12
      11
       5
       8
      12
      12
       8
       9
       9
       9
       5
       8
       6
      11
       3
      14
       4
      10
      10
      16
      11
       7
       7
       5
       9
       7
      11
      15
      17
       9
      10
      11
       9
       6
       6
      12
       8
       7
      10
       9
      10
       7
      13
      11
       6
       5
      11
       5
      12
      12
      14
      10
      10
      11
       5
       7
       8
       8
      12
       8
       9
      10
       9
      11
      10
      13
       6
       9
       6
      14
       6
      11
       8
      11
      10
      16
      17
      13
      13
      12
      13
      14
      12
      15
      16
      13
      12
      14
      10
      14
      10
      12
       8
      11
      12
      11
      10
      16
       9
      14
      13
       9
      13
      14
       9
      11
      11
      14
      10
      10
      13
      13
      16
       9
      13
       7
       5
      13
      10
      11
      15
      10
       3
       8
      11
      13
      12
       8
      10
      12
      10
       8
       8
       8
       8
      10
       8
      13
      10
      16
      11
      10
      12
      13
      12
      10
      11
       7
      13
      12
       8
      15
       8
       8
       5
      14
      11
       6
       7
      12
       9
      11
      12
      19
      12
      10
      13
      13
      19
      14
      13
      12
      13
      10
      11
      11
      20
      11
       9
      13
      18
      16
      18
      17
      16
      22
      29
      20
      25
      12
      16
      18
      15
      14
      12
      24
      21
      18
      17
      11
      12
      16
       9
      13
      15
       6
      12
      12
      19
       8
      14
      16
       9
      15
      10
      10
      16
       7
       5
      11
      17
       7
       7
       6
       8
       8
       8
      14
       7
       8
       5
       4
       6
       6
      12
       7
      12
       2
       7
       8
       8
       7
       6
       7
       3
       7
       8
       4
       3
       5
       2
       6
       4
       8
       5
       7
       6
       5
       7
       4
       8
       4
       7
       5
       2
       5
       4
       3
       5
       1
       3
       5
       4
       4
       9
       3
       5
       5
       1
       3
       5
       4
       1
       1
       2
       1
       0
       4
       4
       1
       5
       6
       3
       1
       4
       2
       2
       1
       1
       1
       1
       1
       5
       4
       2
       2
       4
       3
       3
       2
       1
       3
       4
       3
       2
       3
       2
       2
       3
       0
       2
       5
       3
       5
       5
       6
       5
       2
       3
       1
       1
       6
       3
       1
       7
       3
       6
       7
       9
       8
       9
       8
       8
       6
      12
      10
       8
      17
       6
      21
      21
      17
      20
      25
      19
      16
      20
      25
      23
      29
      30
      29
      24
      35
      27
      35
      25
      30
      34
      40
      45
      44
      30
      45
      39
      37
      35
      44
      35
      50
      45
      54
      32
      28
      40
      42
      36
      44
      38
      26
      34
      25
      29
      31
      18
      30
      28
      25
      19
      13
      27
      18
      16
      18
      13
      12
      15
      10
       6
      10
      11
      16
       7
       8
      14
       6
       3
       6
       8
       6
       5
       4
       1
       8
       0
       1
       4
       1
       3
       1
       2
       2
       1
       4
       0
       1
       1
       1
       1
       1
       0
       0
       3
       1
       2
       0
       1
       2
       1
       2
       3
       1
       1
       0
       2
       0
       0
       0
       1
       0
       1
       1
       2
       1
       0
       1
       0
       0
       1
       0
       1
       0
       0
       1
       1
       0
       1
       2
       0
       0
       1
       1
       1
       0
       0
       0
       0
       1
       0
       1
       0
       1
       0
       1
       1
       0
       2
       0
       1
       3
       0
       0
       1
       0
       2
       0
       2
       0
       0
       1
       0
       0
       1
       2
       3
       0
       0
       0
       0
       0
       2
       1
       1
       1
       0
       3
       0
       0
       3
       0
       0
       0
       1
       0
       1
       0
       0
       0
       0
       0
       0
       1
       0
       0
       0
       1
       1
       0
       0
       0
       0
       1
       1
       1
       1
       1
       1
       0
       1
       3
       1
       0
       4
       1
       3
       0
       2
       0
       0
       1
       1
       4
       1
       0
       1
       1
       0
       0
       0
       1
       0
       0
       1
       2
       1
       1
       3
       1
       0
       0
       0
       1
       0
       0
       0
       1
       2
       0
       0
       1
       1
       1
       1
       0
       1
       0
       1
       1
       0
       1
       1
       0
       2
       0
       0
       2
       0
       0
       2
       0
       2
       0
       1
       0
       0
       1
       1
       0
       0
       0
       0
       1
       0
       2
       1
       1
       0
       2
       0
       0
       1
       1
       2
       2
       0
       1
       0
       0
       0
       0
       0
       2
       1
       0
       0
       0
       2
       1
       2
       3
       0
       0
       1
       0
       0
       2
       0
       0
       0
       0
       1
       0
       0
       2
       1
       1
       0
       1
       0
       0
       0
       0
       1
       1
       0
       0
       2
       0
       0
       0
       1
       0
       0
       0
       0
       0
       0
       0
       0
       0
       0
       0
       0
       0
       0
       1
       0
       0
       0
       0
       0
       0
       0
       0
       0
       0
       0
       0
       0
       0
       1
       1
       0
       0
       1
       0
       0
       0
       0
       0
       1
       0
       0
       0
       0
       0
       0
       0
       1
       1
       0
       0
       0
       0
       1
       1
       0
       1
       1
       0
       0
       1
       0
       1
       0
       2
       0
       1
       0
       0
       2
       1
       0
       1
       0
       2
       0
       0
       0
       2
       0
       1
       0
       0
       1
       1
       0
       0
       0
       0
       0
       0
       0
       0
       0
       1
       1
       0
       0
       0
       0
       0
       1
       0
       0
       1
       1
       1
       0
       1
       2
       0
       1
       0
       1
       0
       0
       1
       1
       0
       0
       0
       0
       0
       0
       1
       0
       1
       0
       0
       0
       1
       0
       1
       0
       1
       1
       0
       0
       3
       0
       0
       1
       0
       0
       1
       0
       0
       1
       1
       1
       3
       0
       1
       0
       0
       1
       1
       0
       0
       1
       1
       1
       0
       2
       0
       3
       0
       0
       2
       2
       0
       1
       1
       3
       0
       0
       1
       0
       1
       1
       0
       0
       1
       1
       1
       1
       0
       0
       0
       0
       0
       0
       0
       1
       0
       2
       0
       0
       0
       1
       0
       0
       1
       1
       0
       2
       0
       2
       0
       0
       0
       2
       0
       0
       0
       0
       0
       1
       1
       0
       0
       0
       1
       1
       1
       1
       0
       0
       2
       2
       0
       1
       0
       0
       1
       2
       0
       0
       1
       0
       0
       0
       0
       0
       0
       0
       2
       0
       0
       1
       0
       0
       1
       0
       1
       0
       0
       0
       1
       0
       0
       0
       1
       1
       1
       0
       1
       0
       0
       0
       0
       0
       0
       0
       0
       0
       0
       0
       0
       1
       0
       0
       0
       0
       0
       0
       0
       0
       0
       1
       0
       1
       0
       0
       0
       0
       0
       0
       0
       0
       0
       0
       0
       0
       0
       2
       0
       0
       0
       0
       0
       0
       0
       0
       0
       0
       0
       0
       0
       0
       0
       1
       1
       0
       0
       0
       0
       0
       0
       0
       0
       0
       0
       0
       0
       0
       0
       0
       0
       0
       0
       0
       0
       0
       0
       0
       0
       0
       0
       0
       0
       0
       0
       0
       0
       0
       0
       0
       0
       0
       0
       1
       0
       0
       0
       0
       0
       0
       0
       0
       0
       0
       0
       0
       0
       0
       0
       0
       0
       0
       0
       0
       0
       0
       0
       0
       0
       0
       0
       0
       0
       0
       0
       0
       0
       0
       0
       0
       0
       0
       0
       0
       1
       0
       0
       0
       0
       0
       0
       1
       0
       1
       0
       0
       0
       0
       0
       0
       0
       0
       0
       0
       0
       0
       0
       0
       0
       0
       0
       0
       0
       0
       0
       0
       0
       0
       0
       0
       0
       0
       0
       0
       0
       0
       0
       0
       0
       1
       0
       0
       0
       0
       0
       0
       0
       0
       0
       0
       0
       0
       0
       0
       0
       0
       0
       0
       0
       0
       0
       0
       0
       0
       0
       0
       0
       0
       0
       0
       0
       0
       0
       0
       0
       0
       0
       0
       0
       0
       0
       0
       0
       0
       0
       0
       0
       0
       0
       0
       0
       0
       0
       0
       0
       1
       0
       0
       0
       0
       0
       0
       0
       0
       0
       0
       0
       0
       0
       0
       0
       0
       0
       0
       0
       0
       0
       0
       0
       0
       0
       1
       0
       0
       0
       0
       0
       0
       1
       0
       0
       0
       0
       0
       0
       0
       0
       0
       0
       1
       0
       0
       0
       0
       0
       0
       1
       0
       0
       0
       0
       0
       0
       0
       0
       0
       0
       0
       0
       0
       0
       0
       0
       0
       0
       0
       0
       0
       0
       0
       0
       0
       0
       0
       0
       0
       0
       0
       0
       0
       0
       0
       0
       0
       0
       0
       0
       0
       0
       0
       0
       0
       0
       0
       0
       0
       0
       0
       0
       0
       0
       0
       0
       0
       0
       0
       0
       0
       0
       0
       0
       0
       0
       0
       0
       0
       0
       0
       0
       0
       0
       0
       0
       0
       0
       0
       0
       0
       0
       0
       0
       0
       0
       0
       0
       0
       0
       0
       0
       0
       0
       0
       0
       0
       0
       0
       0
       0
       0
       0
       0
       0
       0
       0
       0
       0
       0
       0
       0
       0
       0
       0
       0
       0
       0
       0
       0
       0
       0
       0
       0
       0
       0
       0
       0
       0
       0
       0
       0
$ROI:
5
471 536
564 647
763 844
1001 1090
1573 1669
$PRESETS:
Real Time
60
0
$ENER_FIT:
-20.212013 1.714672
$MCA_CAL:
3
-2.021201E+001 1.714672E+000 4.288640E-006 keV
$SHAPE_CAL:
3
1.158210E+001 3.853783E-002 -7.560620E-006
