$SPEC_ID:
This is spectrum 028
$SPEC_REM:
DET# 1
DETDESC# CK155-04 Easy-MCA-2k SN 12292282
AP# Maestro Version 7.01
$DATE_MEA:
02/17/2022 13:48:51
$MEAS_TIM:
59 60
$DATA:
0 2047
       0
       0
       0
       0
       0
       0
       0
       0
       0
       0
       0
       0
       0
       0
      17
      22
      29
      28
      28
      31
      32
      31
      34
      30
      40
      36
      29
      43
      38
      37
      43
      50
      44
      57
      44
      56
      46
      55
      60
      63
      74
      79
      73
      68
      74
      86
      99
     107
     122
     114
      97
     111
     106
     136
     126
     135
     141
     147
     128
     143
     129
     134
     155
     152
     165
     138
     164
     147
     124
     161
     143
     150
     150
     146
     149
     151
     150
     141
     151
     163
     143
     130
     146
     163
     155
     146
     155
     155
     142
     137
     146
     131
     142
     134
     135
     100
     137
     144
     131
     123
     139
     114
     120
     114
     110
     127
     118
     113
     111
      96
     109
     102
     108
      91
     114
     110
     101
     101
      85
     111
      98
      91
     102
      96
     101
      87
      79
      91
      87
      91
      86
      93
     100
      89
      90
      73
      84
      92
      79
      76
      77
      96
      93
      67
      67
      81
      72
      72
      67
      86
      65
      76
      58
      69
      61
      67
      70
      48
      45
      71
      67
      56
      71
      65
      57
      63
      47
      45
      52
      48
      54
      50
      43
      58
      47
      48
      63
      33
      43
      43
      55
      36
      50
      40
      51
      48
      50
      38
      46
      53
      25
      31
      38
      37
      39
      33
      38
      46
      36
      35
      28
      26
      34
      28
      38
      28
      27
      39
      31
      31
      35
      33
      41
      29
      30
      35
      36
      33
      39
      28
      37
      24
      34
      23
      29
      29
      31
      28
      24
      26
      33
      28
      26
      29
      21
      25
      20
      18
      14
      16
      34
      25
      28
      19
      21
      23
      16
      29
      21
      20
      17
      34
      17
      16
      27
      18
      25
      17
      16
      18
      19
      15
      20
      21
      23
      17
      18
      13
      22
      23
      18
      25
      15
      10
      23
      24
      23
      22
      12
      21
      20
      15
      27
      13
      22
      17
      19
      20
      13
      13
      22
      24
      10
      22
      18
      16
      16
      20
      28
      21
      23
      16
      15
      30
      22
      22
      18
      10
      16
      16
      14
      21
      19
      16
       8
      16
      15
      15
      17
      15
      12
      13
      13
      15
      10
      13
      17
      15
      19
      11
      10
      11
      10
      13
      11
      24
      10
      11
      18
      12
      16
      12
      17
      10
      12
      13
      23
      11
      18
      21
      14
      12
      11
      12
      15
      17
      12
      13
      11
      13
      12
      13
      13
      23
      11
      13
      20
      10
      10
      13
      14
      13
       9
      14
      10
      11
      12
      13
      12
       5
       8
      10
      11
      18
      14
      11
      12
       8
       8
       5
       9
      15
      11
       5
       9
      10
      10
       8
       8
       7
      10
       6
       4
      13
       7
      11
       6
       5
      13
      11
       7
      12
       2
      11
      12
       6
      11
      11
      10
       9
       9
       8
       7
       5
       9
       8
      10
       9
       5
       9
       6
       5
      11
       8
       9
      12
       6
       9
       5
       7
       6
       8
       8
      11
       4
       8
       5
       5
       8
      10
       3
      11
       8
       7
       7
       4
       6
       7
       7
       7
       9
       2
       7
       5
       3
      12
       5
       6
       7
       5
       7
       6
      10
       6
       9
       4
       5
      10
      10
       4
       6
       4
      12
      12
       6
       6
       7
      13
      16
       5
       4
      14
       9
       5
      15
      11
      13
       8
      15
      10
      19
      12
      11
      10
       8
       4
      10
      11
      12
       6
      16
      12
      11
      10
       7
      11
       6
       8
      11
      15
       8
      13
      12
       6
       6
      10
      12
       8
      10
       8
       7
       7
       5
       8
      11
       3
       9
       3
       6
       8
       7
       5
       7
       5
      10
       9
       9
       8
       9
      15
       5
       3
       6
       6
       7
       6
       4
       2
       7
       7
       3
      10
       3
       4
       5
       4
       6
       8
       6
       0
      10
       7
       7
       6
       4
       9
       5
       6
       2
      10
       3
       4
       6
      10
       1
       8
       4
       7
       7
       6
       2
       7
       3
       2
       6
       7
       8
       5
       9
       6
       5
       4
       6
       4
       5
       7
       5
       5
       3
       6
       4
       5
       6
       5
       4
       2
       3
      10
       1
       3
       4
       8
       3
       3
       2
       2
       3
       6
       3
       4
       8
       2
       7
       4
       4
       5
       5
       6
       8
       4
       3
       1
       2
       6
       3
       4
       1
       3
       7
       4
       4
       2
       4
       3
       5
       3
       3
       8
       5
       7
       2
       2
       5
       3
       7
       3
       5
       7
       1
       5
       3
       7
       4
       6
       6
       3
       2
       1
       9
       4
       3
       3
       6
       2
       4
       8
       3
       3
       6
       1
       3
       1
       5
       5
       5
       3
       2
       3
       4
       3
       5
       3
       4
       5
       4
       4
       7
       4
       6
       3
       3
       6
       2
       7
       4
       4
       6
       4
       5
       6
       3
       7
       4
       2
       2
       4
       2
       3
       2
       3
       3
       6
       2
       3
       4
       2
       2
       3
       3
       2
       2
       2
       3
       2
       4
       1
       1
       2
       4
       1
       4
       2
       0
       2
       1
       3
       4
       3
       2
       2
       2
       2
       2
       2
       3
       2
       4
       1
       2
       0
       3
       1
       3
       4
       3
       0
       5
       2
       1
       5
       6
       3
       3
       1
       4
       3
       2
       3
       5
       5
       1
       1
       3
       3
       2
       4
       3
       6
       7
       3
       3
       3
       4
       5
       3
       3
       1
       1
       1
       3
       4
       4
       2
       1
       3
       3
       2
       2
       5
       2
       5
       3
       1
       0
       5
       3
       5
       5
       2
       2
       3
       1
      10
       4
       2
       1
      10
       4
       5
       9
       5
       6
      10
      11
       4
       6
       7
      14
       7
       7
       5
       9
       6
       8
       8
       6
       2
       6
       8
       4
       9
      10
      10
       8
       2
      13
       7
       6
       9
       3
       7
       5
      10
       7
       5
       9
       7
       4
       7
       3
       1
       3
       2
       5
       4
       5
       4
       7
       5
       3
       6
       4
       3
       2
       3
       2
       0
       2
       0
       1
       1
       1
       3
       0
       0
       0
       0
       1
       2
       0
       2
       0
       0
       0
       1
       3
       1
       3
       0
       0
       2
       1
       0
       1
       0
       0
       0
       1
       1
       0
       4
       1
       1
       1
       0
       1
       2
       1
       2
       1
       1
       0
       1
       1
       0
       0
       0
       1
       0
       2
       0
       0
       1
       0
       0
       0
       1
       3
       0
       0
       0
       1
       1
       0
       2
       2
       1
       2
       0
       0
       1
       1
       0
       1
       1
       0
       1
       1
       1
       0
       0
       1
       1
       0
       0
       1
       0
       0
       0
       0
       0
       0
       1
       0
       0
       0
       0
       0
       1
       2
       0
       0
       1
       2
       2
       2
       0
       0
       0
       1
       1
       0
       1
       0
       2
       1
       4
       0
       1
       1
       1
       1
       1
       1
       1
       2
       1
       1
       2
       2
       1
       0
       0
       5
       1
       0
       0
       1
       0
       1
       1
       0
       2
       1
       1
       1
       0
       1
       2
       0
       0
       0
       0
       0
       1
       3
       2
       3
       2
       1
       2
       2
       4
       0
       3
       3
       1
       1
       2
       2
       1
       0
       1
       1
       3
       1
       1
       0
       3
       0
       1
       1
       0
       0
       1
       0
       0
       0
       2
       1
       0
       0
       0
       2
       2
       1
       1
       2
       2
       0
       0
       0
       2
       1
       0
       0
       1
       0
       1
       0
       1
       0
       0
       0
       0
       1
       0
       0
       0
       0
       0
       2
       2
       1
       1
       0
       0
       1
       1
       0
       1
       2
       1
       0
       1
       0
       0
       0
       1
       0
       0
       1
       0
       0
       0
       1
       0
       0
       0
       0
       0
       0
       0
       1
       0
       0
       0
       1
       0
       0
       0
       0
       1
       0
       1
       1
       1
       2
       1
       0
       2
       0
       0
       0
       0
       1
       0
       0
       0
       0
       0
       1
       0
       0
       1
       0
       0
       0
       0
       0
       0
       1
       0
       0
       0
       1
       1
       0
       0
       0
       0
       0
       0
       0
       2
       0
       1
       2
       0
       0
       2
       1
       0
       1
       0
       1
       0
       1
       0
       1
       0
       1
       0
       0
       0
       1
       0
       1
       1
       2
       2
       2
       0
       0
       0
       2
       0
       0
       1
       1
       3
       2
       0
       3
       2
       1
       0
       1
       1
       0
       1
       0
       1
       1
       1
       0
       0
       2
       1
       1
       0
       0
       1
       0
       1
       0
       0
       0
       0
       1
       1
       1
       0
       3
       1
       0
       1
       0
       1
       1
       1
       0
       2
       0
       0
       1
       0
       1
       0
       0
       0
       0
       0
       0
       0
       1
       0
       0
       1
       1
       2
       0
       2
       1
       1
       1
       0
       1
       0
       0
       1
       1
       0
       0
       2
       0
       0
       1
       0
       0
       1
       0
       0
       0
       0
       0
       0
       0
       2
       1
       0
       0
       0
       0
       0
       2
       0
       1
       1
       2
       1
       1
       0
       1
       0
       1
       0
       2
       0
       0
       0
       0
       0
       0
       0
       0
       0
       0
       0
       0
       1
       2
       0
       1
       1
       0
       1
       0
       0
       0
       0
       0
       0
       0
       0
       0
       1
       0
       1
       0
       1
       0
       1
       0
       0
       2
       0
       0
       0
       2
       0
       0
       0
       0
       0
       1
       0
       1
       0
       2
       1
       0
       0
       0
       0
       0
       0
       1
       0
       1
       0
       1
       1
       0
       3
       0
       1
       0
       0
       1
       1
       2
       0
       1
       0
       0
       2
       0
       2
       0
       0
       0
       0
       0
       1
       0
       0
       0
       0
       1
       0
       0
       1
       0
       0
       0
       0
       0
       0
       0
       0
       0
       0
       1
       0
       0
       0
       0
       0
       0
       0
       0
       0
       0
       0
       2
       0
       0
       0
       0
       0
       1
       0
       2
       0
       0
       1
       0
       0
       0
       0
       0
       0
       1
       0
       0
       0
       1
       0
       0
       0
       0
       0
       1
       0
       0
       0
       1
       0
       0
       0
       0
       1
       0
       1
       0
       0
       0
       0
       1
       1
       1
       1
       1
       1
       0
       2
       0
       0
       0
       0
       1
       0
       0
       1
       0
       1
       1
       0
       1
       1
       0
       0
       0
       0
       1
       3
       2
       1
       1
       0
       2
       0
       1
       0
       0
       0
       0
       0
       0
       0
       1
       0
       2
       1
       2
       3
       0
       0
       1
       1
       0
       0
       1
       1
       1
       0
       0
       1
       0
       0
       1
       0
       0
       0
       0
       0
       0
       1
       0
       1
       0
       0
       1
       0
       0
       0
       0
       0
       1
       0
       0
       0
       0
       1
       0
       1
       0
       0
       0
       1
       0
       0
       0
       1
       1
       0
       0
       0
       0
       1
       1
       0
       1
       1
       0
       0
       0
       1
       0
       1
       0
       0
       0
       0
       0
       0
       0
       0
       0
       0
       0
       1
       0
       0
       0
       0
       0
       1
       0
       0
       0
       0
       0
       0
       0
       0
       1
       0
       1
       0
       0
       0
       0
       0
       0
       0
       1
       0
       0
       0
       0
       0
       0
       0
       1
       0
       0
       0
       0
       0
       0
       0
       0
       1
       0
       0
       0
       0
       0
       0
       0
       0
       0
       0
       0
       0
       0
       0
       0
       0
       0
       0
       0
       0
       0
       0
       0
       0
       0
       0
       0
       0
       0
       0
       1
       0
       0
       0
       0
       0
       0
       1
       0
       0
       0
       0
       0
       0
       0
       0
       0
       0
       0
       0
       0
       0
       0
       0
       0
       0
       0
       0
       0
       0
       0
       0
       0
       0
       0
       0
       0
       0
       0
       0
       0
       0
       0
       0
       0
       0
       1
       0
       0
       0
       0
       0
       0
       0
       0
       0
       0
       0
       0
       0
       0
       0
       0
       0
       0
       0
       0
       0
       0
       0
       0
       0
       0
       0
       0
       0
       0
       0
       0
       0
       0
       1
       0
       0
       0
       0
       0
       0
       0
       0
       1
       0
       0
       0
       0
       0
       0
       0
       0
       0
       0
       0
       0
       0
       0
       0
       0
       0
       0
       0
       0
       0
       0
       0
       0
       0
       0
       0
       0
       0
       0
       0
       0
       0
       0
       0
       0
       0
       0
       0
       0
       0
       0
       0
       0
       0
       0
       0
       0
       0
       0
       0
       0
       0
       0
       0
       0
       0
       0
       0
       0
       0
       0
       0
       0
       0
       0
       0
       0
       0
       0
       1
       0
       0
       0
       0
       0
       0
       0
       0
       0
       0
       0
       0
       0
       0
       0
       0
       0
       0
       0
       0
       0
       0
       0
       0
       0
       0
       1
       0
       0
       0
       0
       0
       0
       0
       0
       0
       0
       0
       0
       0
       0
       0
       0
       0
       0
       0
       0
       0
       0
       0
       0
       0
       0
       0
       0
       0
       0
       0
       0
       0
       0
       0
       0
       0
       0
       0
       0
       0
       0
       0
       0
       0
       0
       0
       0
       0
       0
       0
       0
       0
       0
       0
       0
       0
       0
       0
       0
       0
       0
       0
       0
       0
       0
       0
       0
       0
       0
       0
       0
       0
       0
       0
       0
       0
       0
       0
       0
       0
       0
       0
       0
       0
       0
       0
       0
       0
       0
       0
       0
       0
       0
       0
       0
       0
       0
       0
       0
       0
       0
       0
       0
       0
       0
       0
       0
       0
       0
       0
       0
       0
       0
       0
       0
       0
       0
       0
       0
       0
       0
       0
       0
       0
       0
       0
       0
       0
       0
       0
       0
       0
       0
       0
       0
       0
       0
       0
       0
       0
       0
       0
       0
       0
       0
       0
       0
       0
       0
       0
       0
       0
       0
$ROI:
5
471 536
564 647
763 844
1001 1090
1573 1669
$PRESETS:
Real Time
60
0
$ENER_FIT:
-20.212013 1.714672
$MCA_CAL:
3
-2.021201E+001 1.714672E+000 4.288640E-006 keV
$SHAPE_CAL:
3
1.158210E+001 3.853783E-002 -7.560620E-006
