$SPEC_ID:
This is spectrum 016
$SPEC_REM:
DET# 1
DETDESC# CK155-04 Easy-MCA-2k SN 12292282
AP# Maestro Version 7.01
$DATE_MEA:
02/17/2022 13:36:35
$MEAS_TIM:
59 60
$DATA:
0 2047
       0
       0
       0
       0
       0
       0
       0
       0
       0
       0
       0
       0
       0
       1
      28
      26
      27
      20
      32
      24
      31
      37
      36
      28
      33
      37
      38
      25
      33
      38
      38
      48
      49
      45
      46
      49
      41
      50
      56
      64
      67
      71
      82
      79
      94
      96
     107
     112
      91
     107
     113
     105
     140
     119
     131
     129
     121
     162
     122
     129
     131
     127
     131
     158
     139
     142
     167
     176
     162
     151
     156
     159
     173
     155
     181
     160
     149
     147
     145
     144
     162
     154
     166
     154
     138
     159
     130
     128
     139
     126
     140
     133
     133
     138
     121
     112
     117
     131
     118
     117
     122
     146
     110
     115
      96
     107
     109
     114
     121
     107
     112
     104
      91
      91
      96
     114
      95
      88
     109
     106
     102
     104
      88
     100
      92
      97
      85
      86
      99
      85
      94
      92
      88
      86
      98
      79
      83
      88
      71
      80
      77
      80
      83
      86
      68
      69
      78
      72
      77
      78
      59
      70
      71
      71
      70
      82
      63
      64
      55
      53
      64
      49
      55
      57
      62
      56
      50
      61
      60
      56
      47
      53
      62
      39
      44
      44
      49
      57
      50
      35
      50
      49
      47
      45
      50
      46
      30
      46
      47
      51
      48
      46
      39
      42
      40
      35
      45
      48
      41
      28
      34
      32
      37
      34
      37
      37
      45
      34
      40
      38
      33
      39
      47
      38
      51
      33
      33
      30
      39
      39
      30
      31
      36
      41
      23
      31
      27
      35
      30
      21
      24
      18
      29
      22
      24
      21
      24
      26
      25
      19
      23
      24
      26
      25
      17
      22
      28
      17
      22
      27
      21
      23
      21
      20
      17
      18
      18
      17
      26
      20
      27
      23
      26
      22
      22
      25
      19
      24
      25
      20
      23
      24
      16
      24
      18
      14
      17
      17
      20
      18
      15
      17
      24
      24
       9
      15
      15
      25
      16
      23
      19
      16
      15
      25
      18
      18
      17
      15
      14
      17
      23
      22
      19
      22
      15
      23
      18
      16
      20
      22
      19
      16
      18
      25
      17
       6
      20
      10
      26
      17
       7
      17
      16
      14
      18
      17
      12
      15
      12
      21
      16
      14
      14
      14
      13
      11
       8
      13
      12
      20
      10
      11
      16
      10
      18
      19
      12
      20
      22
      15
      14
      18
      14
      23
      16
       9
      14
      16
      11
      16
      12
      12
      16
      12
      20
      12
      12
      13
      15
      15
      13
      21
      11
      20
       8
       6
       9
      13
      12
      10
       7
      14
      14
       9
      16
       7
      11
       9
      11
      14
       8
      11
       8
       9
       8
      10
      14
      11
      11
      12
      10
       6
       5
       9
       9
       9
      10
       8
       5
      15
       7
      11
       8
       6
      10
      10
       7
      13
       5
       6
      12
      11
       8
       6
       7
       7
       4
       9
      16
      11
       5
      11
      14
       4
      12
      11
       9
       6
       7
       5
       9
       7
       5
       6
       9
      10
      12
       7
       7
       8
       6
       7
      13
       6
      11
      13
       4
      13
       5
       8
       9
       8
      10
      11
       7
       5
      13
       8
       7
       3
       7
      11
       7
       7
       8
       8
      11
       6
       2
      14
       9
      12
      11
       9
      22
      12
       8
       5
      14
      15
      14
      15
      17
      14
      17
      18
      21
      17
      12
      30
      18
      29
      22
      23
      17
      19
      21
      22
      15
      21
      14
      15
      12
      15
      16
      16
      19
      22
      11
       4
       7
      11
      12
       8
      14
      12
       6
      16
       7
       8
       4
       3
       9
       2
      11
       6
       6
       7
       3
      15
       4
       7
       6
       4
       8
      12
       5
       7
       6
       6
       5
       5
       6
       9
       6
       4
       6
       3
       2
       9
       5
       8
       8
       6
       5
      11
       4
       5
       5
       7
       3
      10
       3
       4
       8
       9
       6
       7
       4
       6
      10
       4
       8
       2
       3
      12
       6
       9
      10
      10
       9
       5
       6
      12
       8
      14
       6
       8
       9
       4
       5
       7
       7
       4
       5
      11
       5
      11
       8
       9
       7
       3
       4
       3
       7
       5
       3
       8
       3
       4
      10
       2
       5
       7
       8
       3
       4
       2
       2
       4
       7
       5
       2
       4
       7
       7
       6
       6
       4
       3
       4
       4
       2
       5
       7
       2
       4
       7
       7
       6
       5
       8
       3
       3
       4
       6
       7
       6
       3
       6
       4
       4
       8
       4
       1
       5
       2
       8
       3
       4
       6
       8
       5
       3
       4
       3
       4
       5
       5
       8
       3
       3
       3
       5
       5
       1
       0
       5
       1
       2
       4
       1
       3
       4
       1
       6
       4
       4
       1
       2
       2
       5
       2
       2
      10
       3
       2
       2
       2
       3
       3
       1
       5
       2
       8
       5
       4
       3
       5
       4
       4
       2
       3
       3
       4
       5
       2
       4
       3
       1
       5
       5
       1
       3
       3
       2
       0
       3
       5
       5
       1
       3
       5
       3
       1
       1
       0
       6
       3
       4
       0
       3
       2
       1
       2
       3
       2
       3
       4
       4
       2
       2
       4
       0
       4
       2
       2
       2
       2
       3
       0
       0
       4
       1
       1
       2
       4
       3
       2
       3
       3
       3
       5
       1
       2
       3
       3
       3
       0
       6
       2
       3
       1
       0
       2
       3
       0
       2
       4
       2
       1
       1
       4
       2
       5
       1
       3
       3
       4
       3
       4
       3
       3
       5
       1
       3
       6
       8
       4
       3
       6
       7
       1
       3
       3
       3
       4
       7
       4
       4
       4
       4
       3
       1
       4
       4
       6
       5
       5
       7
       1
       7
       4
      10
       4
       5
       6
       7
      10
      12
       4
       8
      11
       6
       8
       9
       6
       8
      11
      11
      13
       9
      14
       8
       9
       6
       9
      11
       7
       7
       8
       7
       6
       8
       4
       6
       7
       6
       7
       7
       5
       7
       5
       5
       3
       4
       4
       2
       4
       3
       4
       2
       1
       2
       5
       0
       1
       1
       1
       4
       4
       1
       1
       4
       2
       2
       1
       2
       0
       1
       1
       1
       1
       2
       1
       1
       5
       0
       0
       0
       2
       2
       2
       1
       1
       4
       1
       1
       3
       0
       2
       1
       2
       0
       5
       1
       0
       1
       0
       0
       1
       1
       1
       2
       2
       0
       2
       0
       1
       2
       1
       1
       1
       0
       0
       0
       0
       2
       1
       1
       1
       0
       2
       0
       0
       2
       0
       0
       1
       0
       1
       1
       3
       1
       1
       2
       0
       1
       0
       2
       1
       1
       0
       4
       1
       1
       1
       0
       0
       1
       2
       1
       3
       2
       1
       0
       1
       0
       0
       0
       0
       0
       1
       3
       1
       0
       1
       1
       0
       2
       3
       0
       0
       0
       1
       0
       1
       1
       4
       2
       1
       1
       0
       0
       4
       0
       0
       0
       1
       2
       0
       1
       2
       0
       1
       5
       2
       3
       2
       2
       1
       4
       2
       2
       1
       3
       2
       0
       1
       0
       0
       0
       4
       1
       0
       0
       3
       1
       0
       0
       2
       2
       2
       0
       2
       2
       0
       0
       2
       2
       3
       2
       2
       1
       3
       2
       0
       0
       3
       1
       1
       2
       2
       1
       0
       3
       1
       1
       0
       1
       1
       0
       1
       0
       0
       0
       0
       1
       0
       1
       1
       1
       0
       0
       0
       1
       1
       0
       0
       0
       2
       2
       0
       0
       1
       1
       0
       1
       2
       0
       1
       0
       0
       0
       1
       0
       0
       1
       0
       3
       0
       0
       0
       1
       1
       1
       1
       2
       1
       0
       0
       1
       0
       0
       0
       0
       0
       2
       0
       0
       0
       1
       2
       0
       1
       0
       1
       0
       0
       1
       2
       0
       1
       1
       0
       0
       0
       0
       0
       1
       0
       1
       0
       2
       0
       0
       0
       1
       0
       0
       0
       3
       0
       0
       0
       2
       2
       0
       4
       1
       0
       0
       0
       0
       1
       0
       1
       1
       0
       1
       0
       0
       1
       1
       0
       1
       0
       1
       0
       0
       0
       2
       1
       0
       1
       0
       0
       0
       0
       1
       2
       0
       1
       0
       1
       0
       1
       2
       0
       2
       2
       0
       0
       2
       2
       0
       0
       1
       2
       0
       1
       2
       0
       2
       2
       0
       3
       0
       2
       1
       0
       1
       0
       0
       1
       1
       0
       1
       0
       1
       1
       0
       0
       1
       0
       1
       2
       0
       0
       1
       2
       1
       1
       0
       1
       1
       0
       0
       2
       0
       1
       0
       0
       0
       0
       1
       1
       0
       0
       1
       0
       0
       2
       0
       0
       1
       3
       3
       1
       0
       0
       1
       0
       1
       2
       0
       0
       1
       0
       0
       0
       2
       0
       0
       1
       1
       0
       0
       2
       0
       0
       2
       0
       3
       0
       1
       1
       0
       2
       0
       0
       0
       0
       0
       2
       0
       4
       1
       0
       0
       2
       1
       0
       0
       1
       1
       1
       0
       1
       0
       1
       1
       0
       1
       1
       0
       0
       1
       1
       2
       1
       1
       0
       1
       0
       0
       0
       0
       1
       0
       0
       0
       0
       0
       0
       0
       0
       0
       0
       0
       1
       1
       1
       0
       1
       0
       1
       1
       0
       0
       0
       0
       1
       1
       0
       0
       1
       0
       0
       0
       0
       0
       0
       0
       0
       0
       1
       0
       0
       0
       0
       0
       0
       1
       1
       1
       0
       0
       1
       2
       0
       0
       0
       0
       0
       0
       0
       0
       0
       0
       1
       1
       0
       1
       0
       0
       0
       1
       0
       0
       1
       0
       0
       0
       0
       0
       1
       0
       1
       2
       0
       1
       1
       0
       0
       0
       0
       0
       0
       0
       1
       0
       1
       0
       0
       0
       0
       0
       0
       0
       0
       0
       0
       0
       1
       0
       0
       0
       0
       0
       0
       0
       0
       2
       1
       0
       0
       0
       0
       2
       0
       0
       2
       0
       1
       0
       0
       0
       0
       0
       0
       0
       0
       0
       0
       1
       0
       2
       1
       1
       1
       0
       0
       0
       0
       0
       1
       1
       2
       1
       1
       2
       1
       0
       0
       0
       0
       2
       2
       2
       0
       3
       1
       1
       3
       0
       1
       0
       0
       1
       2
       2
       2
       1
       1
       0
       0
       1
       2
       0
       1
       1
       1
       0
       2
       2
       1
       1
       0
       0
       0
       1
       2
       0
       0
       2
       2
       0
       0
       1
       0
       0
       0
       1
       0
       1
       0
       0
       0
       2
       0
       2
       1
       0
       0
       0
       0
       0
       0
       2
       0
       0
       0
       0
       0
       0
       0
       0
       0
       0
       0
       0
       1
       0
       1
       1
       0
       0
       0
       2
       0
       1
       1
       1
       1
       1
       1
       0
       0
       0
       0
       0
       1
       1
       0
       1
       1
       0
       1
       0
       0
       1
       0
       0
       0
       0
       0
       0
       0
       2
       1
       0
       0
       0
       0
       0
       0
       0
       0
       1
       0
       0
       0
       0
       0
       1
       0
       0
       0
       0
       0
       0
       0
       0
       0
       0
       0
       0
       0
       0
       0
       0
       0
       0
       0
       0
       0
       0
       0
       0
       0
       0
       0
       0
       0
       0
       0
       0
       0
       0
       0
       0
       0
       0
       0
       1
       0
       0
       0
       0
       0
       0
       0
       0
       0
       0
       1
       0
       0
       0
       0
       0
       0
       0
       0
       1
       0
       0
       0
       0
       0
       0
       0
       0
       0
       0
       0
       0
       0
       0
       0
       0
       0
       0
       0
       0
       0
       0
       0
       0
       0
       0
       0
       0
       0
       0
       0
       0
       1
       0
       0
       0
       0
       0
       0
       0
       0
       0
       0
       0
       0
       0
       0
       0
       0
       0
       0
       0
       0
       0
       0
       0
       0
       0
       0
       0
       0
       0
       0
       0
       0
       0
       0
       0
       0
       0
       0
       0
       1
       0
       0
       0
       0
       0
       0
       0
       0
       0
       0
       0
       0
       0
       0
       0
       0
       0
       0
       0
       0
       0
       0
       0
       0
       0
       0
       0
       0
       0
       0
       0
       0
       0
       0
       0
       0
       0
       0
       0
       0
       0
       0
       0
       0
       0
       0
       0
       0
       0
       0
       0
       0
       0
       0
       0
       0
       0
       0
       0
       0
       0
       0
       0
       0
       0
       0
       0
       0
       0
       0
       0
       0
       0
       0
       0
       0
       0
       0
       0
       0
       0
       0
       0
       0
       0
       0
       0
       0
       0
       0
       0
       0
       0
       0
       0
       0
       0
       0
       0
       0
       0
       0
       0
       0
       0
       0
       0
       0
       0
       0
       0
       0
       0
       0
       0
       0
       0
       0
       0
       0
       0
       0
       0
       0
       0
       0
       0
       0
       0
       0
       0
       0
       0
       0
       0
       1
       0
       0
       0
       0
       0
       0
       0
       0
       0
       0
       0
       0
       0
       0
       0
       0
       0
       0
       0
       0
       0
       0
       0
       0
       0
       0
       0
       0
       0
       0
       0
       0
       0
       0
       0
       0
       0
       0
       0
       0
       0
       0
       0
       0
       0
       0
       0
       0
       0
       0
       0
       0
       0
       0
       0
       0
       0
       0
       0
       0
       0
       0
       0
       0
       0
       0
       0
       0
       0
       0
       0
       0
       0
       0
       0
       0
       0
       0
       0
       0
       0
       0
       0
       0
       0
       0
       0
       0
       0
       0
       0
       0
       0
       0
       0
       0
       0
       0
       0
       0
       0
       0
       0
       0
       0
       0
       0
       0
       0
       0
       0
       0
       0
       0
       0
       0
       0
       0
       0
       0
       0
       0
       0
$ROI:
5
471 536
564 647
763 844
1001 1090
1573 1669
$PRESETS:
Real Time
60
0
$ENER_FIT:
-20.212013 1.714672
$MCA_CAL:
3
-2.021201E+001 1.714672E+000 4.288640E-006 keV
$SHAPE_CAL:
3
1.158210E+001 3.853783E-002 -7.560620E-006
