$SPEC_ID:
This is spectrum 011
$SPEC_REM:
DET# 1
DETDESC# CK155-04 Easy-MCA-2k SN 12292282
AP# Maestro Version 7.01
$DATE_MEA:
02/17/2022 13:31:28
$MEAS_TIM:
59 60
$DATA:
0 2047
       0
       0
       0
       0
       0
       0
       0
       0
       0
       0
       0
       0
       0
       0
      22
      25
      23
      30
      38
      30
      34
      37
      29
      36
      36
      28
      33
      32
      35
      41
      39
      41
      42
      38
      52
      48
      60
      56
      56
      69
      64
      78
      84
      91
      77
      79
     100
     121
     107
     119
      90
     128
     115
     103
     129
     108
     127
     128
     156
     145
     142
     140
     156
     168
     148
     139
     159
     160
     172
     145
     162
     175
     154
     154
     152
     125
     156
     153
     118
     127
     153
     149
     165
     155
     169
     140
     148
     147
     136
     149
     134
     121
     140
     141
     140
     130
     124
     127
     125
     136
     124
     116
     133
     142
     105
     126
     124
     114
     110
     108
     137
     120
     104
     128
     110
     108
     100
     111
     121
      93
      95
     112
     104
     100
     105
      68
      83
      90
     111
      94
      76
      89
      88
     104
      79
      91
     100
      96
      81
      83
      98
      90
      99
      82
     110
      73
      84
      91
      93
      65
      67
      72
      70
      75
      65
      64
      61
      87
      63
      55
      71
      69
      56
      46
      59
      64
      46
      60
      57
      55
      48
      45
      52
      56
      68
      54
      34
      39
      52
      45
      48
      52
      32
      45
      56
      47
      54
      50
      45
      50
      47
      36
      55
      26
      55
      45
      39
      43
      33
      43
      36
      37
      41
      34
      37
      44
      44
      31
      33
      46
      48
      37
      38
      33
      45
      45
      39
      38
      29
      33
      34
      34
      39
      23
      30
      26
      28
      29
      32
      31
      32
      29
      30
      33
      30
      22
      30
      17
      35
      19
      18
      26
      21
      22
      27
      21
      33
      21
      23
      26
      29
      21
      28
      19
      24
      23
      26
      20
      18
      17
      17
      27
      27
      26
      20
      19
      30
      14
      19
      20
      22
      21
      26
      16
      16
      19
      23
      11
      27
      23
      17
      14
      15
      19
      13
      19
      16
      11
      12
      21
      25
      19
      22
      17
      23
      18
      30
      15
      19
       9
      17
      25
      16
      30
      12
      25
      21
      23
      19
      14
      12
      14
      21
      24
      19
      21
      20
      17
      16
      17
      21
      10
      12
      13
      22
      15
      15
      18
      16
      10
      13
      16
      19
      16
      13
      15
      15
      12
      11
      16
      17
      13
      14
      13
      23
      16
      25
      18
      15
      17
      15
      21
      16
      18
      12
      19
      22
      22
       8
      19
      30
      15
      23
      18
      10
      16
      17
      17
      14
      18
       8
      11
      19
      17
      11
      10
       5
      22
       7
       8
      17
      17
      10
      10
       7
       9
      14
      12
       5
       8
      14
       8
       5
      10
      11
      12
      10
       5
      11
       7
      17
       5
       8
       7
       6
      13
       5
       9
      10
       7
      14
       5
       9
      12
       9
      16
      12
       6
      12
       8
       7
       7
      14
       8
      10
      11
      10
      12
       5
       3
      11
       7
       2
       4
       6
       8
      10
       7
       5
       9
       7
      16
      10
       4
      11
       7
      11
       5
      13
       6
       5
       7
       5
       7
       5
       7
      10
       5
       8
       5
       7
       8
       4
       8
       6
      18
       8
       9
       5
      12
       9
       6
       8
       7
       9
       6
       9
      11
       9
       5
      11
      11
       8
      13
      20
      11
       7
      10
      14
      17
      20
      10
      21
      14
      16
      11
      16
      25
      33
      21
      23
      32
      21
      20
      17
      25
      19
      18
      21
      15
      16
      33
      16
      32
      18
      11
      12
      19
      11
      16
      17
      13
       7
      12
      16
       9
       9
       9
       9
       7
       5
       5
       8
      14
       4
       3
       6
       5
       7
      11
       6
       4
       6
      10
       7
      14
       5
      10
       6
       1
       5
      10
       6
       3
       3
       7
       9
       4
       4
      12
       5
       6
       5
       7
       4
       6
       5
       3
      10
       6
       7
      10
       7
       4
       8
      12
       4
       6
       5
       8
       5
       7
       2
      11
       8
       6
       9
      10
       9
      10
       8
      13
       7
       5
       8
       4
       8
       6
      11
       8
       3
      10
       5
      10
       7
       7
       9
       8
       9
       8
       6
       4
       3
       7
       4
      11
       4
       6
       6
      10
       6
      11
       7
       6
       4
       3
       4
       5
       4
       5
       5
       5
       4
       8
       5
       6
       4
       9
       5
       7
       6
       8
       4
       6
       3
       3
       4
       3
       4
       2
       3
       5
       5
       3
       5
       6
       6
       5
       5
       6
       4
       3
      11
       2
       6
       5
       2
       3
       4
       5
       9
       3
       4
       3
       5
       3
       2
       2
       5
       3
       4
       6
       4
       4
       4
       1
       7
       5
       3
       3
       5
       2
       7
       5
      10
       3
       7
       3
       3
       4
       2
       7
       4
       0
       1
       3
       5
       9
       4
       0
       3
       5
       4
       7
       6
       5
       3
       2
       2
       2
       5
       2
       4
       4
       3
       3
       2
       5
       6
       1
       6
       4
       4
       3
       5
       0
       6
       2
       0
       2
       7
       2
       1
       1
       1
       6
       1
       1
       2
       3
       2
       6
       3
       1
       1
       1
       4
       3
       2
       3
       3
       2
       4
       1
       3
       1
       3
       3
       1
       2
       3
       0
       3
       2
       2
       3
       5
       2
       3
       2
       4
       5
       4
       3
       4
       3
       5
       6
       4
       2
       2
       8
       0
       5
       4
       5
       3
       3
       4
       5
       2
       6
       1
       4
       2
       5
       3
       4
       7
       4
       9
       4
       3
       3
       9
       5
       1
       3
       3
       3
      12
       4
       8
       4
       2
       3
       4
       3
       3
       9
       9
       1
       6
       2
       4
       6
       7
       9
       6
       8
       4
       6
       4
       7
       5
       4
       5
       7
       8
       8
       9
      14
       8
      10
       8
       7
      15
       6
      14
       8
       5
       9
       7
       9
       9
      10
       6
       8
      10
       8
       7
       6
       5
       9
       4
       7
       5
       9
       7
       5
       3
       8
       3
       6
       6
       2
       4
       4
       6
       1
       4
       2
       3
       3
       1
       3
       4
       1
       0
       5
       3
       0
       4
       0
       1
       1
       3
       1
       2
       1
       0
       3
       3
       2
       0
       2
       0
       0
       1
       2
       0
       1
       0
       1
       1
       0
       2
       1
       1
       0
       0
       0
       1
       2
       1
       1
       1
       1
       2
       1
       2
       1
       1
       3
       4
       1
       2
       2
       3
       3
       0
       2
       2
       1
       0
       1
       1
       0
       1
       0
       0
       0
       0
       3
       2
       0
       2
       0
       0
       0
       1
       2
       2
       1
       2
       1
       0
       1
       0
       1
       0
       0
       0
       2
       0
       0
       2
       1
       1
       0
       1
       1
       2
       0
       0
       0
       0
       0
       1
       0
       3
       1
       0
       0
       1
       2
       0
       3
       0
       2
       2
       2
       2
       1
       0
       1
       1
       2
       1
       2
       2
       6
       1
       1
       1
       2
       1
       3
       1
       5
       1
       3
       1
       5
       3
       0
       2
       3
       4
       2
       2
       3
       4
       2
       0
       3
       4
       3
       6
       5
       3
       4
       4
       3
       0
       2
       7
       4
       1
       0
       1
       3
       2
       3
       2
       1
       2
       1
       3
       3
       2
       3
       4
       0
       0
       1
       1
       3
       1
       0
       1
       1
       3
       1
       2
       0
       0
       1
       2
       1
       0
       0
       0
       0
       0
       2
       1
       0
       0
       1
       0
       1
       0
       1
       2
       0
       1
       1
       1
       2
       1
       0
       1
       2
       2
       0
       0
       0
       1
       0
       0
       0
       1
       1
       1
       2
       1
       0
       0
       0
       0
       0
       0
       0
       0
       0
       0
       1
       0
       0
       3
       0
       1
       1
       1
       1
       1
       0
       2
       2
       0
       0
       1
       0
       0
       0
       0
       1
       0
       0
       0
       0
       0
       0
       1
       2
       0
       1
       0
       0
       0
       0
       1
       0
       0
       1
       0
       1
       2
       0
       0
       0
       0
       1
       0
       0
       0
       1
       1
       1
       0
       1
       0
       0
       1
       2
       0
       0
       0
       0
       1
       0
       0
       1
       1
       0
       0
       1
       0
       0
       1
       0
       0
       0
       0
       0
       2
       0
       0
       0
       0
       2
       1
       0
       0
       1
       0
       0
       0
       3
       1
       1
       1
       2
       0
       1
       0
       0
       1
       2
       0
       0
       1
       0
       0
       0
       1
       0
       1
       1
       0
       1
       0
       1
       0
       1
       1
       0
       1
       1
       0
       1
       0
       0
       1
       1
       1
       1
       2
       0
       1
       0
       1
       0
       1
       1
       0
       0
       1
       1
       2
       1
       1
       0
       0
       0
       0
       0
       0
       0
       1
       1
       0
       0
       1
       2
       0
       1
       0
       1
       0
       0
       1
       1
       2
       1
       0
       0
       1
       0
       0
       2
       1
       3
       1
       1
       1
       0
       0
       0
       1
       0
       1
       1
       0
       0
       1
       1
       2
       2
       0
       0
       0
       0
       0
       0
       2
       0
       0
       0
       2
       3
       1
       1
       2
       0
       1
       1
       0
       0
       0
       1
       0
       2
       2
       0
       0
       0
       0
       0
       1
       0
       0
       0
       1
       1
       0
       0
       1
       1
       1
       0
       0
       1
       0
       0
       0
       0
       0
       0
       0
       0
       0
       0
       0
       0
       0
       0
       0
       0
       0
       1
       0
       0
       0
       0
       0
       0
       0
       1
       0
       1
       0
       0
       0
       0
       0
       0
       1
       0
       0
       0
       0
       0
       1
       0
       1
       0
       0
       0
       0
       0
       0
       0
       1
       1
       0
       1
       2
       0
       0
       0
       0
       0
       0
       1
       1
       0
       0
       0
       3
       0
       2
       0
       0
       1
       0
       0
       1
       0
       0
       0
       1
       0
       0
       0
       0
       1
       0
       0
       2
       0
       0
       1
       0
       0
       0
       0
       0
       0
       0
       0
       1
       0
       0
       1
       0
       0
       1
       0
       0
       0
       0
       1
       0
       0
       0
       0
       0
       0
       0
       0
       0
       0
       0
       0
       0
       0
       0
       0
       0
       0
       1
       1
       1
       0
       0
       3
       3
       1
       0
       1
       0
       3
       2
       2
       1
       0
       1
       1
       1
       0
       1
       0
       0
       1
       0
       2
       0
       1
       4
       1
       0
       2
       2
       0
       1
       0
       1
       1
       0
       0
       0
       0
       0
       0
       2
       0
       1
       1
       2
       0
       1
       0
       0
       0
       0
       2
       0
       2
       0
       0
       0
       0
       1
       0
       0
       0
       0
       0
       0
       2
       1
       0
       0
       0
       0
       0
       0
       1
       2
       0
       0
       1
       1
       1
       0
       0
       0
       0
       0
       0
       0
       1
       0
       1
       0
       1
       0
       0
       0
       2
       0
       0
       0
       0
       0
       0
       1
       0
       0
       0
       0
       2
       1
       0
       0
       0
       0
       0
       3
       1
       0
       0
       0
       1
       0
       0
       0
       0
       0
       0
       0
       1
       0
       0
       1
       0
       0
       0
       0
       0
       0
       1
       0
       0
       0
       0
       0
       0
       0
       0
       0
       0
       0
       0
       0
       0
       0
       0
       0
       0
       1
       0
       0
       0
       1
       0
       0
       0
       0
       0
       0
       0
       0
       0
       0
       0
       0
       0
       0
       0
       0
       0
       0
       0
       0
       0
       0
       0
       0
       0
       0
       0
       0
       0
       0
       0
       0
       0
       0
       0
       0
       0
       0
       0
       0
       0
       0
       0
       1
       0
       0
       0
       0
       0
       1
       0
       0
       0
       0
       0
       0
       0
       0
       0
       0
       0
       0
       0
       0
       0
       0
       0
       0
       0
       0
       0
       0
       0
       0
       0
       0
       0
       0
       0
       0
       0
       0
       0
       0
       0
       0
       0
       0
       0
       0
       0
       0
       0
       0
       0
       0
       0
       0
       0
       0
       1
       0
       0
       0
       0
       0
       0
       0
       0
       0
       0
       0
       0
       0
       0
       0
       0
       0
       0
       1
       0
       0
       0
       0
       0
       0
       0
       0
       0
       0
       0
       0
       0
       0
       0
       0
       0
       0
       0
       0
       0
       0
       0
       0
       0
       0
       0
       0
       0
       0
       0
       0
       0
       0
       0
       0
       0
       0
       0
       0
       0
       0
       0
       0
       0
       0
       0
       0
       0
       0
       0
       0
       0
       0
       0
       0
       0
       0
       0
       0
       0
       0
       0
       0
       0
       0
       0
       0
       0
       0
       0
       0
       0
       0
       0
       0
       0
       0
       0
       0
       0
       0
       0
       0
       0
       0
       0
       0
       0
       0
       0
       0
       0
       0
       0
       0
       0
       0
       0
       0
       0
       0
       0
       0
       0
       0
       0
       0
       0
       0
       0
       0
       0
       0
       0
       0
       0
       0
       0
       0
       0
       0
       0
       0
       0
       0
       0
       0
       0
       0
       0
       0
       0
       0
       0
       0
       0
       0
       0
       0
       1
       0
       0
       0
       0
       0
       0
       0
       0
       0
       0
       0
       0
       0
       0
       0
       0
       0
       0
       0
       0
       0
       0
       0
       0
       0
       0
       0
       0
       0
       0
       0
       0
       0
       0
       0
       0
       0
       0
       0
       0
       0
       0
       0
       0
       0
       0
       0
       0
       0
       0
       0
       0
       0
       0
       0
       0
       0
       0
       0
       0
       0
       0
       0
       0
       0
       0
       0
       0
       0
       0
       0
       0
       0
       0
       0
       0
       0
       0
       0
       0
       0
       0
       0
       0
       0
       0
       0
       0
       0
       0
       0
       0
       0
       0
       0
       0
       0
       0
       0
       0
       0
       0
       0
       0
       0
       0
       0
       0
       0
       0
       0
       0
       0
       0
       0
       0
       0
       0
       0
       0
$ROI:
5
471 536
564 647
763 844
1001 1090
1573 1669
$PRESETS:
Real Time
60
0
$ENER_FIT:
-20.212013 1.714672
$MCA_CAL:
3
-2.021201E+001 1.714672E+000 4.288640E-006 keV
$SHAPE_CAL:
3
1.158210E+001 3.853783E-002 -7.560620E-006
