$SPEC_ID:
This is spectrum 014
$SPEC_REM:
DET# 1
DETDESC# CK155-04 Easy-MCA-2k SN 12292282
AP# Maestro Version 7.01
$DATE_MEA:
02/17/2022 13:34:32
$MEAS_TIM:
59 60
$DATA:
0 2047
       0
       0
       0
       0
       0
       0
       0
       0
       0
       0
       0
       0
       0
       1
      27
      31
      34
      24
      35
      34
      31
      32
      29
      26
      42
      33
      32
      26
      33
      43
      30
      43
      46
      45
      41
      55
      64
      60
      78
      87
      77
      64
      89
      72
      82
      86
     101
      92
     122
     100
     103
     125
     124
     140
     138
     138
     123
     130
     136
     134
     140
     136
     156
     163
     154
     163
     134
     152
     150
     162
     155
     151
     144
     160
     160
     162
     163
     165
     126
     151
     160
     153
     154
     124
     148
     133
     137
     134
     137
     136
     123
     140
     145
     146
     120
     137
     125
     135
     117
     129
     123
     115
     147
     104
     114
     126
     105
     128
     117
     106
     135
     107
     115
     104
     104
     119
      89
     110
      88
     102
      96
     142
      85
     100
      94
      82
     102
      80
      86
      74
      85
      76
      91
      83
      66
      81
      99
      76
      76
      71
      66
      57
     103
      86
      73
      80
      90
      62
      84
      65
      60
      88
      66
      69
      69
      60
      81
      48
      53
      52
      57
      54
      58
      50
      57
      48
      65
      65
      72
      51
      63
      47
      55
      54
      64
      46
      50
      46
      39
      53
      46
      46
      55
      45
      45
      53
      39
      42
      45
      37
      41
      46
      46
      47
      32
      37
      35
      39
      28
      48
      41
      42
      41
      34
      36
      55
      36
      43
      51
      30
      38
      37
      45
      39
      28
      31
      34
      34
      35
      31
      34
      40
      37
      39
      35
      32
      29
      33
      30
      27
      30
      32
      30
      26
      28
      26
      26
      19
      26
      28
      29
      31
      26
      28
      29
      30
      30
      27
      22
      20
      16
      24
      18
      21
      25
      22
      16
      20
      22
      18
      21
      27
      20
      27
      26
      26
      20
      18
      21
      24
      18
      24
      13
      20
      23
      26
      25
      16
      17
      12
      19
      19
      21
      15
      18
      19
      13
      26
      16
      16
      18
      21
      23
      17
      22
      19
      16
      23
      18
      20
      14
      13
      17
      11
      20
      21
      19
      23
      12
      18
      17
      14
      17
       9
      15
      24
      20
      20
      25
      18
      26
      19
      15
      12
      20
      17
      26
      17
      19
      20
       6
       7
      21
      13
      14
      12
      16
      13
      11
      15
      12
      20
      14
      17
      17
      25
      18
      16
      19
      13
      11
      18
      15
      13
      17
      13
      15
      19
      17
      17
      15
      17
      20
      19
      12
       8
      15
      17
       7
      13
      11
      17
      17
      11
      16
      11
      16
      11
      11
      14
      12
      10
       8
      11
      13
      13
       5
       7
       6
      16
       7
      18
       9
      12
       7
       8
       8
      13
       9
      15
      11
      10
       6
       7
      11
      12
       9
       7
      10
      12
       9
      16
       7
      10
      10
      10
       9
       9
      10
       6
       9
       4
       9
       5
      11
      11
       4
       7
      14
      15
       8
       6
       8
       8
       7
      16
       8
      10
      13
       5
      13
       9
       9
      11
       8
       9
       9
       8
       2
      12
       6
      11
       6
       4
       9
       9
       7
       8
       5
       7
       5
       6
       8
       7
       7
       6
      10
       1
       9
      11
       8
       7
       4
       6
       7
      10
      10
       9
       8
       9
      12
       7
       7
      13
      15
      12
      10
       7
      15
      12
       7
      16
      16
      12
      17
      19
      18
      12
      18
      22
      30
      17
      26
      12
      20
      19
      16
      20
      24
      24
      22
      22
      14
      24
      16
      16
      19
       9
      18
      15
      11
      12
       7
       9
       7
       4
       5
      17
       7
       6
       8
       5
       4
      10
       8
       5
       6
       9
       9
      11
       1
       5
       5
       7
       7
       5
       5
      12
       6
      10
       7
       1
       6
       4
       0
       5
       5
       4
      12
       7
       2
       2
      15
       4
       3
       6
       4
       5
       6
       3
       4
       6
       7
       7
       6
       5
       7
       2
       2
       8
      13
       9
      11
       6
      10
       8
       7
       7
       7
       8
       6
       6
       6
      14
       6
       9
       7
       5
      11
       8
       9
       8
       7
       3
       7
       8
       7
       4
       7
      10
       8
      12
       2
       5
       9
       7
       6
       3
       8
       4
       7
       9
       3
       5
       8
       4
       2
       3
       7
       4
       5
       6
       3
       5
       1
       6
       7
       4
       6
       2
       6
       2
       3
       4
      13
       6
       3
       5
       5
       5
       3
       8
       8
       7
       1
       7
       2
       5
       5
       4
       8
       5
       6
       3
       4
       8
       3
       3
       4
       6
       2
       6
       6
       7
       4
       9
       5
       6
       4
       8
       2
       3
       7
       4
       8
       3
       5
       2
       3
       5
       8
       2
       2
       6
       4
       1
       4
       3
       5
       6
       4
       4
       5
       4
       7
       3
       5
       2
       5
       1
       4
       5
       2
       1
       3
       3
       2
       6
       3
       1
       3
       2
       3
       3
       4
       5
       6
       2
       3
       3
       6
       2
       1
       2
       3
       3
       3
       2
       4
       0
       6
       1
       0
       4
       5
       4
       2
       1
       2
       5
       2
       1
       3
       1
       0
       4
       4
       0
       2
       3
       1
       2
       2
       2
       1
       8
       1
       0
       2
       2
       2
       2
       1
       1
       0
       0
       1
       3
       4
       2
       0
       3
       0
       2
       4
       4
       1
       3
       0
       3
       4
       3
       2
       5
       0
       2
       6
       1
       1
       2
       5
       4
       2
       4
       7
       4
       3
       2
       3
       3
       2
       6
       3
       2
       0
       9
       3
       3
       9
       2
       3
       3
       1
       2
       3
       5
       1
       5
       4
       1
       1
       5
       6
       1
       4
       8
       6
       5
       2
       3
       6
       6
      11
       9
      10
      10
       7
      11
       9
       8
       7
       6
       5
       4
       6
       7
       9
       8
       3
      10
      10
       6
      12
       9
       9
       7
       7
       7
       5
       5
       6
       8
       4
       8
       5
       4
       8
       9
       7
       8
       6
       5
       4
       2
       1
       2
       4
       4
       1
       4
       1
       1
       2
       2
       2
       4
       1
       3
       0
       0
       2
       2
       3
       2
       0
       0
       1
       2
       2
       1
       0
       1
       1
       1
       2
       2
       2
       0
       2
       1
       1
       0
       0
       0
       2
       3
       1
       3
       1
       1
       2
       1
       1
       1
       1
       1
       1
       2
       0
       0
       1
       1
       2
       2
       0
       1
       0
       1
       0
       1
       0
       0
       1
       1
       0
       3
       0
       1
       0
       1
       1
       0
       0
       1
       0
       1
       2
       1
       1
       1
       0
       0
       1
       0
       0
       0
       1
       1
       1
       1
       1
       1
       1
       0
       1
       0
       1
       0
       1
       1
       1
       0
       0
       0
       1
       1
       0
       0
       0
       2
       2
       1
       1
       0
       1
       0
       2
       1
       2
       0
       2
       0
       1
       0
       1
       1
       2
       0
       0
       0
       0
       3
       2
       2
       2
       0
       0
       2
       2
       0
       3
       2
       0
       1
       1
       1
       1
       1
       3
       1
       2
       2
       2
       1
       1
       3
       1
       1
       0
       5
       1
       2
       1
       2
       2
       3
       4
       0
       3
       2
       3
       2
       0
       1
       2
       2
       1
       2
       1
       4
       0
       2
       1
       2
       1
       0
       1
       0
       0
       0
       1
       1
       1
       3
       0
       1
       0
       0
       1
       0
       1
       0
       1
       2
       2
       2
       1
       2
       1
       1
       0
       1
       0
       0
       0
       0
       2
       0
       0
       2
       0
       1
       1
       0
       1
       0
       1
       0
       0
       0
       2
       0
       2
       0
       1
       0
       1
       0
       1
       0
       0
       2
       0
       0
       1
       0
       0
       0
       2
       2
       2
       2
       0
       0
       1
       1
       0
       0
       1
       0
       1
       1
       0
       0
       1
       1
       1
       1
       3
       0
       0
       1
       2
       0
       0
       2
       0
       1
       0
       2
       0
       1
       1
       0
       0
       0
       0
       0
       1
       0
       0
       1
       3
       0
       1
       0
       0
       0
       0
       0
       2
       0
       0
       0
       1
       1
       0
       0
       1
       0
       0
       0
       1
       0
       2
       0
       0
       0
       1
       0
       0
       0
       1
       1
       0
       0
       1
       2
       0
       0
       0
       1
       0
       1
       0
       2
       1
       0
       0
       0
       0
       0
       0
       0
       0
       1
       0
       0
       0
       1
       4
       1
       1
       3
       1
       2
       1
       0
       0
       1
       0
       0
       1
       1
       1
       1
       0
       1
       0
       1
       0
       1
       1
       2
       0
       0
       0
       1
       2
       0
       0
       0
       3
       2
       2
       0
       0
       0
       1
       0
       1
       1
       1
       0
       1
       2
       0
       0
       0
       1
       1
       4
       0
       0
       1
       3
       0
       1
       1
       0
       0
       1
       1
       1
       1
       0
       1
       0
       0
       0
       1
       1
       1
       1
       0
       0
       1
       0
       0
       0
       1
       0
       0
       2
       0
       1
       0
       0
       1
       0
       1
       0
       1
       0
       0
       2
       0
       1
       0
       0
       2
       0
       0
       1
       0
       0
       0
       1
       0
       0
       3
       0
       0
       0
       0
       0
       0
       0
       0
       0
       0
       0
       1
       5
       0
       1
       0
       1
       0
       0
       0
       0
       0
       2
       0
       0
       4
       0
       0
       0
       1
       0
       0
       0
       1
       0
       0
       1
       1
       0
       1
       0
       1
       0
       2
       0
       1
       0
       1
       0
       0
       1
       0
       0
       1
       1
       0
       0
       0
       0
       0
       1
       0
       0
       1
       0
       0
       0
       0
       0
       1
       0
       0
       0
       0
       0
       0
       0
       1
       0
       0
       0
       0
       1
       0
       0
       1
       0
       0
       0
       0
       2
       0
       0
       1
       0
       0
       0
       0
       1
       0
       1
       1
       0
       0
       0
       0
       0
       0
       0
       0
       0
       0
       0
       0
       0
       1
       0
       0
       0
       0
       0
       0
       1
       0
       0
       0
       0
       0
       0
       0
       0
       0
       0
       1
       0
       0
       0
       1
       0
       0
       1
       1
       0
       0
       0
       0
       0
       0
       0
       1
       0
       1
       0
       0
       2
       1
       0
       0
       0
       2
       1
       1
       1
       1
       0
       0
       2
       1
       1
       1
       2
       1
       0
       1
       0
       2
       0
       0
       0
       0
       1
       1
       2
       1
       1
       0
       2
       0
       2
       1
       0
       0
       0
       0
       3
       0
       1
       2
       0
       0
       0
       1
       0
       0
       1
       1
       2
       1
       1
       0
       1
       0
       0
       0
       0
       0
       0
       0
       0
       1
       1
       1
       1
       1
       0
       1
       0
       1
       1
       0
       0
       1
       0
       0
       0
       0
       0
       1
       0
       0
       1
       0
       0
       0
       1
       0
       0
       1
       2
       0
       0
       0
       0
       1
       1
       1
       0
       0
       0
       1
       0
       0
       1
       3
       0
       0
       0
       0
       1
       0
       0
       1
       0
       1
       1
       1
       0
       0
       0
       0
       0
       0
       2
       1
       1
       0
       0
       0
       0
       0
       0
       1
       0
       0
       0
       0
       0
       1
       0
       0
       0
       0
       0
       0
       0
       0
       0
       2
       0
       0
       0
       0
       0
       0
       0
       0
       0
       0
       0
       0
       0
       0
       0
       0
       1
       0
       0
       0
       0
       0
       0
       0
       0
       0
       0
       0
       1
       0
       0
       0
       0
       0
       0
       1
       0
       0
       0
       0
       0
       0
       0
       0
       0
       0
       0
       0
       0
       0
       0
       0
       0
       0
       0
       0
       0
       0
       0
       0
       0
       0
       0
       0
       0
       0
       0
       0
       0
       0
       0
       0
       0
       0
       0
       0
       0
       0
       0
       1
       0
       0
       0
       0
       0
       0
       0
       0
       0
       0
       0
       0
       0
       0
       0
       0
       0
       0
       0
       0
       0
       0
       0
       0
       0
       0
       0
       0
       0
       0
       0
       0
       0
       0
       0
       0
       1
       0
       0
       0
       0
       0
       0
       0
       1
       0
       0
       0
       0
       0
       0
       0
       0
       0
       0
       0
       0
       0
       0
       0
       0
       0
       0
       0
       0
       0
       0
       0
       0
       0
       0
       0
       0
       0
       0
       0
       0
       0
       1
       0
       0
       0
       0
       0
       0
       0
       0
       0
       0
       0
       0
       0
       1
       0
       0
       0
       0
       0
       0
       0
       0
       0
       0
       0
       0
       0
       0
       0
       0
       0
       0
       0
       0
       0
       0
       0
       0
       0
       0
       0
       0
       0
       0
       0
       0
       1
       0
       0
       0
       0
       0
       0
       0
       0
       0
       0
       0
       0
       0
       0
       0
       0
       0
       0
       0
       0
       0
       0
       0
       0
       0
       0
       0
       0
       0
       0
       0
       0
       0
       0
       0
       0
       0
       0
       0
       0
       0
       0
       0
       0
       0
       0
       0
       0
       0
       0
       0
       0
       0
       0
       0
       0
       0
       0
       0
       0
       0
       0
       0
       0
       0
       0
       0
       0
       0
       0
       0
       0
       0
       0
       0
       0
       0
       0
       0
       0
       0
       0
       0
       0
       0
       0
       0
       0
       0
       0
       0
       0
       0
       0
       0
       0
       0
       0
       0
       0
       0
       0
       0
       0
       0
       0
       0
       0
       0
       0
       0
       0
       0
       0
       0
       0
       0
       0
       0
       0
       0
       0
       0
       0
       0
       0
       0
       0
       0
       0
       0
       0
       0
       0
       0
       0
       0
       0
       0
       0
       0
       0
       0
       0
       0
       0
       0
       0
       0
       0
       0
       0
       0
       0
       0
       0
       0
       0
       0
       0
       0
       0
       0
       0
       0
       0
       0
       0
       0
       0
       0
       0
       0
       0
       0
       0
       0
       0
       0
       0
       0
       0
       0
$ROI:
5
471 536
564 647
763 844
1001 1090
1573 1669
$PRESETS:
Real Time
60
0
$ENER_FIT:
-20.212013 1.714672
$MCA_CAL:
3
-2.021201E+001 1.714672E+000 4.288640E-006 keV
$SHAPE_CAL:
3
1.158210E+001 3.853783E-002 -7.560620E-006
