$SPEC_ID:
This is spectrum 000
$SPEC_REM:
DET# 1
DETDESC# CK155-04 Easy-MCA-2k SN 12292282
AP# Maestro Version 7.01
$DATE_MEA:
02/17/2022 13:20:14
$MEAS_TIM:
59 60
$DATA:
0 2047
       0
       0
       0
       0
       0
       0
       0
       0
       0
       0
       0
       0
       1
       1
      40
      46
      48
      67
      52
      49
      55
      52
      53
      69
      65
      54
      69
      74
      67
      75
      67
      71
      96
      83
      93
      88
     115
      88
      79
      95
     111
     114
      98
     122
     109
     150
     157
     143
     131
     146
     140
     153
     186
     191
     159
     195
     188
     170
     176
     173
     199
     196
     192
     178
     176
     184
     167
     158
     186
     187
     183
     183
     191
     175
     177
     170
     182
     198
     195
     201
     196
     223
     183
     216
     202
     190
     179
     186
     200
     164
     163
     169
     174
     170
     178
     182
     176
     184
     193
     152
     169
     147
     182
     158
     137
     148
     151
     141
     134
     144
     149
     140
     135
     145
     148
     137
     128
     140
     108
     140
     124
     122
     116
     118
     119
     149
     125
     108
     121
     124
     121
     119
     107
     131
     124
     124
     115
     112
     123
     110
     119
     111
     122
     111
     108
     103
     134
     101
     128
     104
     107
     111
     109
      95
      93
     100
      98
      88
     103
      94
     100
     110
      79
      94
      82
      73
      85
      78
      87
      76
      82
      70
      79
      63
      74
      88
      65
      71
      78
      72
      77
      88
      80
      69
      71
      71
      69
      57
      69
      61
      52
      59
      63
      79
      70
      59
      61
      58
      52
      55
      48
      58
      47
      57
      56
      54
      56
      55
      48
      56
      58
      62
      63
      62
      60
      57
      52
      53
      50
      59
      59
      39
      55
      37
      42
      50
      46
      51
      39
      50
      41
      45
      39
      46
      51
      44
      39
      34
      35
      38
      34
      44
      49
      35
      39
      36
      39
      31
      43
      35
      39
      39
      38
      33
      39
      35
      35
      52
      37
      47
      29
      40
      38
      44
      32
      35
      33
      43
      42
      35
      42
      43
      37
      36
      38
      36
      48
      37
      45
      33
      41
      22
      32
      30
      24
      33
      33
      29
      33
      29
      34
      31
      33
      29
      36
      31
      29
      31
      39
      34
      44
      43
      39
      26
      37
      47
      32
      32
      41
      28
      38
      40
      42
      30
      36
      39
      29
      29
      25
      38
      47
      33
      29
      29
      38
      32
      34
      30
      37
      29
      26
      31
      26
      19
      24
      35
      25
      26
      27
      34
      30
      24
      29
      30
      18
      20
      26
      34
      24
      33
      35
      26
      36
      38
      25
      35
      32
      33
      24
      36
      27
      23
      30
      34
      24
      31
      23
      19
      26
      19
      26
      22
      29
      19
      25
      23
      28
      30
      26
      17
      18
      22
      21
      25
      21
      18
      25
      22
      23
      27
      22
      28
      19
      26
      28
      22
      22
      19
      22
      20
      19
      24
      17
      16
      14
      19
      12
      17
      14
      20
      19
      19
      16
      20
      20
      24
      16
      15
      11
      16
      25
      20
      16
      20
      13
      21
      19
      25
      13
      13
      20
      25
      19
      22
      25
      19
      19
      12
      19
      14
      20
      24
      25
      23
      16
      14
      24
      23
      23
      28
      21
      18
      17
      19
      27
      16
      15
      18
      22
      24
      21
      23
      20
      21
      22
      22
      18
      19
      12
      30
      16
      12
      15
      17
      18
      18
      25
      12
      21
      12
      25
      22
      19
      21
      22
      25
      22
      39
      20
      29
      46
      31
      40
      61
      40
      46
      30
      37
      32
      43
      48
      43
      45
      51
      42
      38
      61
      38
      41
      54
      43
      37
      39
      35
      33
      36
      30
      43
      33
      33
      35
      34
      22
      29
      30
      27
      29
      32
      13
      18
      18
      14
      19
      13
      14
      15
      15
      21
      16
      20
      19
      21
      19
      16
       6
      17
       9
      16
      12
      10
      15
      13
      14
      14
      17
      12
      14
      18
      11
      18
      15
      18
      20
      13
      12
      18
      18
      12
      11
      11
      11
      11
      17
       7
      17
      14
      14
      21
       9
      12
      17
      21
      12
      13
      15
      18
      23
      17
      20
      21
      19
      23
      18
      22
      28
      23
      14
      18
      18
      25
      24
      18
      27
      25
      21
      27
      21
      23
      13
      24
      18
      20
      18
      16
      34
      20
      21
      28
      23
      22
      21
      19
      16
      14
      14
      13
      15
      13
      12
      14
      15
      19
      15
      17
      14
      12
      11
      11
      15
      10
      18
      12
       8
      13
      14
      10
      12
      10
      13
      10
      11
       9
      11
      11
       8
      18
      17
      15
      18
      14
      12
      12
      11
      17
       8
      14
      13
      10
      14
      13
      13
      12
      14
      15
      16
      15
      16
      10
      12
      13
      17
      12
      11
       6
      18
      14
       9
       8
      11
      14
      13
      16
      15
      12
      15
      12
      11
      11
      10
      11
      15
      12
       8
      12
      10
      19
      16
       3
      12
       9
      12
      12
       6
      13
       9
      11
      13
      11
      13
      11
      15
      12
       8
      11
      11
      12
      13
      21
      10
       7
      13
      12
      15
       2
      11
       9
      16
      20
      13
       9
      11
      14
      11
       8
      14
      11
      13
      17
       9
      17
      15
      22
      15
      16
      22
      10
      13
      16
      14
      16
      17
      10
      20
      18
      17
      11
      10
      16
      15
      10
      13
      11
      17
      16
      12
      10
      14
      14
      10
      16
      25
      13
      16
      14
      14
      11
      17
      16
      16
       7
      11
      13
      13
       6
      13
      19
       6
      21
      12
       7
      12
      15
       7
      16
      12
      17
      15
      12
      10
      17
       7
      17
      17
      17
      16
      16
      11
      18
      13
      16
      17
      14
      18
      18
      12
      13
       9
      17
      17
      12
       6
      16
      28
      16
       8
      14
      15
      21
      19
      17
      18
      15
      12
      23
      17
      14
      18
      18
      10
      14
      20
      24
      22
      14
      28
      16
      19
      13
      19
      20
      29
      10
      21
      16
      22
      17
      21
      16
      26
      19
      19
      17
      17
      24
      19
      14
      17
      24
      16
      21
      16
      19
      16
      13
       9
      12
      13
      18
      18
      12
       8
      18
       8
       7
      10
      13
      17
      11
      12
      12
       9
      16
       5
      11
       9
       4
      12
       9
      12
      13
       5
       2
      10
       6
      14
       3
       4
       9
       8
      11
       4
       9
       7
      18
       6
      11
       8
       5
       2
       5
       2
       6
       7
       4
       3
       3
       2
       6
       4
       2
       6
       6
       4
       4
       6
       7
       7
       3
       4
       3
       2
       4
       4
       3
       5
       6
       4
       1
       2
       5
       3
       6
       2
       2
       6
       3
       1
       2
       3
       2
       3
       5
       4
       3
       4
       3
       3
       3
       1
       4
       5
       1
       1
       5
       3
       1
       3
       3
       5
       4
       5
       1
       2
       2
       0
       4
       1
       7
       5
       2
       4
       5
       7
       5
       4
       8
      11
       8
       9
      11
       2
      11
       6
      10
      10
       9
      10
      23
      18
      30
      24
      23
      28
      28
      30
      35
      38
      35
      45
      51
      46
      44
      45
      40
      34
      54
      38
      48
      43
      54
      62
      43
      66
      53
      64
      47
      58
      55
      57
      58
      60
      58
      54
      48
      40
      51
      42
      55
      33
      55
      40
      42
      44
      43
      46
      34
      46
      34
      33
      34
      29
      36
      19
      29
      16
      20
      14
      19
      20
       9
      15
      10
      14
       4
       9
      11
      11
      11
       8
       8
       9
       6
       6
       4
       5
       2
       3
       4
       4
       3
       0
       2
       2
       1
       1
       3
       3
       1
       2
       4
       1
       0
       1
       1
       0
       2
       0
       0
       0
       0
       1
       2
       0
       1
       0
       0
       0
       1
       1
       1
       1
       2
       3
       0
       0
       1
       2
       0
       0
       1
       1
       1
       1
       0
       1
       1
       0
       2
       0
       0
       0
       0
       2
       3
       3
       1
       1
       1
       1
       0
       2
       2
       2
       1
       1
       0
       0
       1
       1
       1
       2
       1
       0
       0
       0
       0
       1
       1
       0
       1
       0
       0
       0
       1
       0
       0
       2
       1
       1
       0
       0
       0
       3
       1
       0
       0
       2
       1
       0
       3
       1
       0
       0
       1
       1
       1
       1
       3
       1
       0
       1
       2
       0
       0
       0
       3
       1
       0
       1
       2
       1
       1
       1
       0
       0
       0
       0
       2
       3
       1
       0
       1
       2
       0
       1
       2
       1
       2
       1
       0
       0
       1
       2
       1
       2
       1
       1
       1
       1
       0
       1
       0
       0
       1
       0
       1
       1
       2
       1
       2
       2
       1
       0
       1
       1
       0
       0
       3
       2
       1
       1
       0
       0
       0
       1
       2
       1
       1
       0
       0
       1
       0
       0
       1
       1
       0
       0
       1
       1
       0
       1
       1
       0
       0
       1
       0
       0
       0
       0
       1
       1
       1
       0
       0
       2
       0
       0
       2
       0
       0
       0
       1
       1
       1
       1
       0
       2
       0
       0
       2
       0
       1
       2
       2
       0
       2
       1
       1
       1
       1
       1
       1
       0
       2
       0
       1
       2
       1
       1
       1
       0
       1
       0
       1
       1
       0
       1
       0
       0
       0
       0
       1
       1
       1
       1
       3
       2
       2
       2
       0
       0
       0
       1
       0
       1
       1
       0
       0
       1
       1
       0
       0
       0
       0
       1
       1
       1
       1
       0
       3
       0
       3
       0
       0
       0
       0
       1
       0
       1
       0
       2
       1
       2
       0
       0
       2
       1
       0
       0
       0
       0
       3
       0
       0
       2
       0
       2
       2
       1
       0
       0
       1
       0
       0
       0
       0
       1
       0
       0
       0
       2
       0
       0
       1
       0
       0
       0
       0
       0
       0
       0
       1
       0
       1
       0
       0
       0
       0
       1
       1
       0
       0
       0
       1
       0
       0
       2
       0
       0
       0
       0
       0
       0
       1
       0
       0
       1
       0
       0
       1
       1
       0
       0
       0
       0
       0
       0
       0
       0
       0
       0
       1
       0
       0
       0
       1
       0
       0
       1
       1
       1
       0
       0
       1
       0
       0
       0
       0
       0
       1
       0
       0
       1
       0
       1
       0
       0
       1
       0
       0
       0
       0
       1
       0
       1
       0
       2
       0
       1
       2
       1
       0
       3
       0
       1
       2
       1
       2
       0
       0
       2
       1
       2
       0
       0
       0
       0
       1
       0
       1
       1
       1
       1
       2
       2
       3
       2
       5
       0
       0
       4
       0
       0
       1
       0
       1
       0
       1
       1
       1
       4
       0
       3
       1
       1
       1
       2
       0
       3
       1
       0
       1
       1
       0
       0
       1
       0
       1
       0
       0
       0
       0
       1
       1
       2
       1
       1
       1
       2
       0
       3
       0
       1
       1
       1
       0
       1
       1
       0
       0
       0
       2
       0
       0
       0
       1
       0
       1
       1
       0
       0
       2
       0
       1
       0
       2
       1
       2
       0
       1
       0
       0
       1
       0
       2
       0
       0
       0
       0
       1
       0
       0
       0
       1
       0
       0
       0
       0
       0
       0
       3
       0
       0
       0
       0
       0
       0
       0
       0
       0
       0
       0
       0
       0
       0
       0
       0
       0
       1
       1
       1
       0
       1
       0
       1
       0
       0
       1
       0
       0
       0
       1
       0
       0
       0
       0
       0
       0
       0
       1
       0
       0
       0
       0
       1
       0
       0
       0
       0
       1
       0
       0
       0
       0
       0
       0
       0
       1
       0
       0
       1
       0
       0
       0
       0
       0
       0
       0
       0
       0
       0
       0
       0
       0
       1
       0
       0
       0
       0
       0
       0
       0
       1
       0
       0
       0
       0
       0
       0
       0
       0
       0
       0
       0
       0
       0
       0
       0
       0
       0
       0
       0
       0
       0
       0
       0
       0
       0
       0
       0
       0
       0
       0
       0
       0
       0
       0
       0
       0
       0
       0
       0
       0
       0
       0
       0
       0
       0
       0
       0
       0
       0
       0
       0
       0
       0
       0
       0
       0
       0
       0
       0
       1
       0
       0
       0
       0
       1
       0
       0
       0
       0
       0
       0
       1
       0
       0
       0
       0
       0
       0
       0
       0
       0
       0
       0
       1
       0
       0
       0
       0
       0
       0
       0
       0
       1
       0
       0
       0
       1
       0
       0
       0
       0
       0
       0
       0
       0
       0
       0
       0
       0
       0
       0
       0
       0
       0
       0
       0
       0
       0
       0
       0
       0
       0
       0
       0
       0
       0
       0
       0
       0
       0
       0
       1
       0
       0
       0
       0
       0
       0
       0
       0
       0
       0
       0
       0
       0
       0
       0
       0
       0
       0
       0
       0
       0
       0
       0
       0
       0
       0
       0
       0
       0
       0
       0
       0
       1
       0
       0
       0
       1
       0
       0
       0
       0
       0
       0
       0
       0
       0
       0
       0
       0
       0
       0
       0
       0
       0
       0
       0
       0
       0
       0
       0
       0
       0
       0
       0
       0
       0
       0
       0
       0
       0
       0
       0
       0
       0
       0
       0
       0
       0
       0
       0
       1
       0
       0
       0
       0
       0
       0
       0
       0
       0
       0
       0
       0
       0
       0
       0
       0
       0
       0
       0
       0
       0
       0
       0
       0
       0
       0
       0
       0
       0
       0
       0
       0
       0
       0
       0
       0
       0
       0
       0
       0
       0
       0
       0
       0
       0
       0
       0
       0
       0
       0
       0
       0
       0
       0
       0
       0
       0
       0
       0
       0
       0
       0
       0
       0
       0
       0
       0
       0
       0
       0
       0
       0
       0
       0
       0
       0
       0
       0
       0
       0
       0
       0
       0
       0
       0
       0
       0
       0
       0
       0
       0
       0
       0
       0
       0
       0
       0
       0
       0
       0
       0
       0
       0
       0
       0
       0
       0
       0
       0
       0
       0
       0
       0
       0
       0
       0
       0
       0
       0
       0
       0
       0
$ROI:
5
471 536
564 647
763 844
1001 1090
1573 1669
$PRESETS:
Real Time
60
0
$ENER_FIT:
-20.212013 1.714672
$MCA_CAL:
3
-2.021201E+001 1.714672E+000 4.288640E-006 keV
$SHAPE_CAL:
3
1.158210E+001 3.853783E-002 -7.560620E-006
