$SPEC_ID:
This is spectrum 026
$SPEC_REM:
DET# 1
DETDESC# CK155-04 Easy-MCA-2k SN 12292282
AP# Maestro Version 7.01
$DATE_MEA:
02/17/2022 13:46:49
$MEAS_TIM:
59 60
$DATA:
0 2047
       0
       0
       0
       0
       0
       0
       0
       0
       0
       0
       0
       0
       0
       0
      27
      21
      30
      23
      19
      30
      33
      28
      36
      36
      30
      34
      26
      39
      35
      50
      36
      44
      51
      44
      48
      46
      65
      65
      68
      51
      73
      73
      86
      86
     106
      93
     120
      88
      94
     112
     122
     136
     119
     136
     119
     126
     136
     146
     134
     168
     153
     150
     160
     140
     141
     175
     140
     155
     163
     145
     153
     165
     163
     159
     153
     167
     152
     143
     147
     148
     163
     171
     151
     153
     166
     149
     145
     133
     147
     130
     142
     128
     107
     115
     122
     132
     118
     115
     143
     121
     127
     121
     105
     121
     115
     116
      86
      99
      98
     119
     114
     107
     103
      99
      92
     115
     110
     107
     105
      93
      97
     106
      78
      79
     100
      95
      93
      85
     104
      86
      87
     107
      91
      70
      78
      63
     102
      75
      89
      76
      78
      98
      88
      84
      76
      80
      77
      81
      70
      87
      78
      69
      69
      73
      61
      61
      55
      69
      90
      59
      66
      68
      60
      48
      45
      51
      57
      48
      60
      59
      42
      45
      37
      49
      56
      50
      54
      38
      40
      52
      47
      42
      48
      55
      51
      36
      42
      35
      38
      30
      39
      40
      36
      33
      39
      42
      40
      40
      35
      39
      51
      43
      27
      34
      37
      38
      45
      39
      27
      35
      35
      30
      17
      26
      40
      31
      30
      33
      27
      32
      38
      46
      19
      24
      29
      35
      25
      26
      18
      22
      24
      20
      33
      22
      29
      29
      22
      25
      24
      22
      30
      24
      27
      16
      20
      27
      16
      20
      23
      28
      18
      14
      23
      16
      20
      23
      23
      13
      19
      18
      16
      18
      22
      25
      17
      17
      25
      27
      18
      26
      21
      17
      27
      18
      18
      18
      17
      28
      20
      16
      23
      16
      18
      16
      18
      11
      16
      22
      25
      20
      28
      22
      19
      15
      21
      18
      28
      20
      23
      19
      21
      21
      16
      30
      24
      15
      17
      22
      13
      11
      26
      13
      22
      20
      12
      17
      16
      15
       9
      16
      17
      16
      11
      14
      14
      10
      13
      19
       9
       8
      13
      19
       8
      22
       9
      12
      16
      13
      11
       8
       6
      13
      16
      15
      14
       6
      10
      28
      12
      16
      20
      15
      16
      20
      18
      23
      16
      19
      16
      17
      12
      14
      18
      22
      11
      10
      12
      12
      15
      16
      16
      11
       8
      11
      13
      15
      16
       8
      10
       8
      14
      13
       8
       8
      13
       6
       8
      17
      11
      14
       9
       7
      11
       9
       3
       9
       9
      10
       7
      11
      11
      15
       6
       3
       8
       7
       8
       8
       4
       8
      11
       8
       7
       6
       8
       6
       7
       5
       3
      12
       5
       8
       6
       7
      10
       8
      12
       7
       7
       6
       8
      17
       8
       6
       7
       8
       3
       8
       6
       9
       5
      11
       9
       7
       5
       5
       9
       8
       4
      10
       7
       6
       7
       5
       7
       5
      13
       6
       8
       3
      11
       9
      15
      12
       5
      10
       9
      13
       9
       8
      16
       5
       2
       4
       8
       4
       6
      13
       5
       7
       8
       7
       9
       2
      15
      13
       6
      14
      12
       9
       6
       7
      11
      13
      14
      15
      10
       8
      11
      12
      11
       5
       8
      14
      14
       8
      17
       6
       8
      12
       6
       7
      14
      14
       7
      13
      11
      13
      12
      13
      10
      12
      10
       8
      10
       6
       8
       5
       5
      10
       6
      10
       4
       2
      10
       6
       4
       2
       8
       2
       4
       8
       7
       2
       4
       4
       4
       7
       9
      10
       5
       6
       4
       8
       6
       9
       7
       9
       5
       6
       8
       5
       5
       4
       5
       3
       5
       9
       6
       4
       8
       9
       4
      11
       5
       5
       4
       5
       7
       5
       9
       5
       7
       5
       9
       6
       8
       8
       7
       7
       5
       6
       5
       5
       7
       6
       6
       5
       7
       7
       4
       6
       7
       8
       5
       4
       5
       4
       1
       3
       3
      10
       9
       5
       4
       6
       3
       2
       5
       9
       6
       4
       3
      10
       6
       4
       3
       8
       3
       1
       4
       1
       4
       7
       3
       3
       0
       3
       2
       2
       3
       5
       7
       7
       2
       3
       8
       2
       7
       5
       7
       3
       5
      13
       7
       4
       6
       8
       3
      10
       4
       0
       6
       4
       2
       4
       3
       2
       4
       4
       2
       3
       7
       6
       7
       2
       3
       5
       4
       6
       5
       3
       4
       1
       5
       5
       3
       4
       3
       5
       6
       7
       5
       3
       4
       3
       2
       2
       7
       4
       2
       4
       4
       7
       2
       4
       3
       2
       4
       4
       2
       4
       6
       2
       0
       1
       3
       0
       5
       2
       4
       4
       4
       5
       1
       4
       2
       1
       1
       3
       3
       3
       5
       5
       1
       4
       4
       2
       2
       0
       2
       0
       3
       3
       1
       4
       3
       1
       1
       4
       5
       0
       1
       1
       2
       3
       2
       3
       2
       2
       3
       2
       3
       4
       7
       3
       4
       3
       0
       1
       2
       3
       3
       3
       4
       0
       1
       1
       2
       1
       3
       5
       3
       4
       2
       1
       1
       1
       3
       0
       2
       2
       2
       5
       3
       1
       3
       4
       3
       5
       1
       0
       3
       2
       6
       5
       3
       4
       7
       3
       3
       2
       1
       6
       0
       5
       4
       3
       5
       5
       5
       0
       1
       8
       1
       5
       5
       2
       3
       2
       4
       4
       1
       2
       5
       5
       6
       4
       4
       2
       7
       7
       8
       9
       5
       6
       4
       6
       6
       7
      11
       6
      11
       8
       5
       7
      15
       8
       5
       6
      11
       8
      11
      11
       7
       8
       9
       4
       9
       6
       7
       7
       7
       9
       7
       6
       5
       6
       7
       4
       3
       8
       3
       8
       4
       2
       1
       3
       6
       2
       8
       1
       4
       1
       3
       3
       1
       1
       4
       2
       2
       4
       3
       2
       4
       2
       1
       1
       3
       0
       0
       1
       0
       1
       3
       1
       2
       1
       1
       4
       2
       4
       1
       0
       0
       1
       1
       2
       0
       3
       3
       0
       0
       2
       1
       0
       6
       1
       1
       1
       1
       1
       0
       2
       2
       3
       0
       1
       1
       0
       1
       2
       0
       0
       0
       0
       3
       1
       2
       0
       0
       0
       0
       0
       1
       2
       1
       0
       0
       0
       0
       0
       1
       0
       1
       0
       3
       1
       0
       0
       0
       1
       0
       1
       1
       2
       0
       0
       1
       1
       1
       0
       0
       1
       0
       2
       1
       0
       2
       1
       1
       1
       1
       1
       5
       0
       0
       1
       0
       1
       0
       2
       0
       1
       2
       0
       0
       0
       1
       1
       0
       1
       0
       2
       0
       1
       0
       1
       0
       2
       0
       0
       1
       1
       0
       3
       0
       0
       1
       1
       3
       1
       0
       1
       1
       2
       1
       1
       1
       1
       1
       4
       1
       1
       1
       0
       0
       1
       2
       4
       0
       1
       3
       2
       3
       1
       0
       0
       0
       0
       3
       1
       1
       1
       1
       2
       0
       0
       0
       0
       1
       0
       2
       1
       0
       1
       1
       1
       1
       0
       2
       0
       0
       0
       0
       0
       1
       1
       0
       0
       0
       1
       2
       2
       0
       1
       0
       1
       1
       0
       2
       1
       0
       1
       0
       0
       0
       1
       0
       2
       2
       0
       0
       0
       0
       1
       0
       1
       1
       1
       0
       0
       0
       0
       1
       0
       0
       1
       1
       0
       2
       2
       0
       2
       0
       0
       1
       2
       1
       1
       0
       1
       0
       0
       0
       0
       0
       0
       0
       1
       1
       1
       0
       0
       0
       1
       0
       0
       1
       0
       0
       0
       0
       0
       2
       0
       0
       0
       0
       0
       0
       1
       0
       0
       1
       0
       0
       1
       0
       0
       0
       0
       0
       1
       0
       1
       1
       1
       0
       0
       1
       0
       0
       0
       0
       0
       0
       0
       2
       0
       0
       0
       0
       0
       0
       1
       0
       0
       1
       0
       2
       0
       0
       0
       0
       0
       3
       1
       0
       1
       3
       3
       2
       0
       2
       0
       2
       0
       1
       1
       0
       0
       1
       2
       0
       0
       1
       1
       1
       2
       0
       1
       0
       1
       2
       1
       1
       0
       0
       0
       1
       2
       1
       0
       0
       0
       0
       2
       2
       1
       1
       2
       1
       0
       1
       1
       0
       1
       0
       0
       2
       0
       1
       0
       1
       0
       1
       1
       1
       0
       0
       3
       1
       0
       3
       0
       0
       0
       0
       1
       0
       0
       0
       0
       2
       2
       0
       1
       1
       0
       0
       0
       0
       0
       1
       0
       1
       0
       0
       1
       1
       0
       2
       0
       0
       0
       1
       0
       0
       0
       0
       0
       0
       1
       2
       1
       1
       0
       1
       1
       0
       0
       0
       1
       0
       1
       1
       0
       0
       1
       0
       0
       1
       2
       1
       0
       0
       0
       0
       0
       0
       0
       0
       0
       1
       0
       0
       1
       0
       0
       0
       2
       0
       1
       0
       1
       3
       1
       0
       0
       0
       0
       0
       1
       0
       0
       0
       0
       0
       0
       1
       1
       0
       0
       2
       0
       0
       1
       0
       0
       1
       0
       0
       0
       0
       0
       0
       0
       0
       0
       0
       0
       1
       2
       1
       0
       1
       0
       0
       0
       0
       1
       0
       1
       0
       1
       0
       0
       1
       0
       0
       2
       1
       1
       0
       0
       0
       0
       0
       0
       0
       0
       0
       1
       0
       0
       0
       0
       1
       0
       0
       0
       0
       0
       0
       1
       0
       0
       0
       1
       1
       0
       0
       0
       0
       0
       0
       0
       1
       1
       0
       1
       0
       0
       0
       1
       0
       1
       0
       0
       0
       0
       0
       0
       0
       1
       0
       1
       0
       0
       1
       0
       1
       0
       1
       1
       1
       0
       1
       0
       1
       0
       1
       2
       0
       0
       1
       1
       1
       1
       0
       2
       1
       1
       2
       0
       0
       0
       1
       0
       2
       2
       0
       0
       0
       1
       0
       1
       1
       0
       0
       0
       1
       2
       0
       1
       1
       1
       2
       0
       1
       0
       0
       1
       1
       2
       1
       0
       1
       0
       1
       0
       2
       0
       1
       0
       1
       0
       0
       0
       2
       1
       1
       2
       0
       1
       0
       0
       1
       1
       1
       1
       0
       1
       0
       1
       0
       0
       0
       0
       0
       0
       0
       1
       1
       0
       1
       0
       0
       0
       0
       1
       0
       1
       0
       0
       0
       1
       0
       0
       0
       1
       0
       0
       0
       0
       0
       0
       0
       1
       1
       1
       0
       0
       0
       0
       1
       0
       1
       0
       1
       0
       1
       0
       1
       1
       1
       0
       0
       1
       0
       0
       0
       0
       0
       2
       0
       0
       0
       2
       0
       0
       0
       0
       0
       0
       0
       0
       0
       0
       0
       0
       0
       0
       0
       0
       0
       0
       0
       0
       1
       0
       0
       0
       0
       1
       0
       0
       1
       0
       0
       0
       0
       0
       0
       0
       0
       0
       0
       0
       0
       0
       0
       0
       0
       0
       0
       0
       0
       0
       0
       0
       0
       0
       0
       0
       0
       0
       0
       0
       0
       0
       0
       1
       0
       0
       0
       0
       0
       0
       0
       0
       0
       0
       0
       0
       0
       0
       0
       0
       0
       0
       0
       0
       0
       0
       0
       0
       0
       0
       0
       0
       0
       0
       0
       0
       0
       0
       0
       0
       0
       0
       0
       0
       0
       0
       1
       0
       0
       0
       0
       0
       0
       0
       0
       0
       0
       0
       0
       0
       0
       0
       0
       0
       0
       0
       0
       0
       0
       0
       0
       0
       0
       0
       0
       0
       0
       0
       1
       0
       0
       0
       0
       0
       0
       0
       0
       0
       0
       0
       0
       0
       0
       0
       0
       0
       0
       0
       0
       0
       0
       0
       0
       0
       0
       0
       0
       0
       0
       0
       0
       1
       0
       0
       0
       0
       0
       0
       0
       0
       0
       0
       0
       0
       0
       0
       0
       0
       0
       0
       0
       0
       0
       0
       0
       0
       0
       0
       0
       0
       0
       0
       0
       0
       0
       0
       0
       0
       1
       0
       0
       0
       0
       0
       0
       0
       0
       0
       0
       0
       0
       0
       0
       0
       0
       0
       0
       0
       0
       0
       0
       0
       0
       0
       0
       0
       0
       0
       0
       0
       0
       0
       0
       0
       0
       0
       0
       0
       0
       0
       0
       0
       0
       0
       0
       0
       0
       0
       0
       0
       0
       0
       0
       0
       0
       0
       0
       0
       0
       0
       0
       0
       0
       0
       0
       0
       0
       0
       0
       0
       0
       0
       0
       0
       0
       0
       0
       0
       0
       0
       0
       0
       0
       0
       0
       0
       0
       0
       0
       0
       0
       0
       0
       0
       0
       0
       0
       0
       0
       0
       0
       0
       0
       0
       0
       0
       0
       0
       0
       0
       0
       0
       0
       0
       0
       0
       0
       0
       0
       0
       0
       0
       0
       0
       0
       0
       0
       0
       0
       0
       0
       0
       0
       0
       0
       0
       0
       0
       0
       0
       0
       0
       0
       0
       0
       0
       0
       0
       0
       0
       0
       0
       0
       0
       0
       0
       0
       0
       0
       0
       0
       0
       0
       0
       0
       0
       0
       0
       0
       0
       0
       0
       0
       0
       0
       0
       0
       0
       0
       0
       0
       0
       0
       0
       0
       0
       0
       0
       0
       0
       0
       0
       0
       0
       0
       0
       0
       0
$ROI:
5
471 536
564 647
763 844
1001 1090
1573 1669
$PRESETS:
Real Time
60
0
$ENER_FIT:
-20.212013 1.714672
$MCA_CAL:
3
-2.021201E+001 1.714672E+000 4.288640E-006 keV
$SHAPE_CAL:
3
1.158210E+001 3.853783E-002 -7.560620E-006
