$SPEC_ID:
This is spectrum 022
$SPEC_REM:
DET# 1
DETDESC# CK155-04 Easy-MCA-2k SN 12292282
AP# Maestro Version 7.01
$DATE_MEA:
02/17/2022 13:42:42
$MEAS_TIM:
59 60
$DATA:
0 2047
       0
       0
       0
       0
       0
       0
       0
       0
       0
       0
       0
       0
       0
       1
      28
      29
      28
      27
      34
      21
      25
      29
      43
      25
      30
      33
      37
      39
      33
      54
      44
      34
      35
      38
      40
      40
      45
      53
      58
      65
      70
      62
      78
      91
      85
      89
      73
     104
      96
      98
     121
     125
     121
     107
     133
     113
     151
     138
     140
     137
     155
     140
     153
     143
     160
     142
     152
     164
     164
     161
     157
     141
     151
     138
     155
     145
     149
     151
     148
     130
     140
     145
     170
     145
     148
     127
     147
     142
     137
     130
     122
     156
     168
     144
     154
     128
     117
     116
     149
     124
     124
     108
     123
     110
     110
     136
     113
     109
     110
     120
     110
     114
      91
      93
     100
     103
     112
      85
      87
     104
     106
     108
      90
      96
      89
      94
      94
      84
      85
      70
     100
      74
      80
      85
      74
      79
      79
      88
      96
      75
      69
      65
      78
      83
      77
      74
      72
      78
      76
      67
      68
      74
      62
      67
      52
      72
      69
      63
      65
      62
      61
      56
      49
      51
      64
      55
      54
      46
      51
      58
      52
      57
      48
      50
      53
      52
      41
      58
      55
      48
      45
      48
      33
      53
      56
      49
      40
      40
      51
      41
      44
      39
      42
      52
      36
      34
      33
      54
      24
      39
      39
      36
      32
      41
      38
      53
      39
      35
      49
      34
      39
      40
      32
      31
      37
      37
      41
      35
      35
      43
      33
      25
      29
      37
      26
      34
      31
      28
      23
      32
      26
      24
      22
      15
      25
      24
      22
      27
      18
      19
      28
      20
      23
      35
      31
      25
      22
      34
      21
      24
      25
      25
      18
      17
      23
      18
      24
      19
      18
      23
      24
      13
      18
      19
      31
      15
      26
      20
      12
      15
      17
      19
      28
      18
      26
      25
      17
      21
      13
       7
      22
      16
      22
      25
      29
      17
      18
      15
      13
      27
      11
      20
      20
      22
      21
      19
      14
      18
      29
      18
      12
      19
      21
      17
      17
      10
      26
      24
      19
      19
      15
      21
      25
      15
      24
      11
      17
      18
      15
      15
       5
      13
      11
      17
       9
      20
      13
      13
      18
      16
      13
      16
      18
      15
      14
      12
      12
      20
      19
      12
      19
      19
       9
       9
      18
      16
      15
       8
      16
      13
      19
      18
      14
      16
      10
      17
      17
      18
      18
      21
      11
      22
      14
      20
      12
      10
      15
      12
      19
      12
      16
      12
      18
      12
      15
      14
      10
      14
       5
      11
       8
      11
      12
      10
      12
      14
       8
       8
       9
      11
      11
       9
       7
       7
       8
      11
       9
       8
       3
      13
       7
       9
      10
       5
       6
       8
      10
       8
      10
       6
       9
      11
      10
       7
       6
       7
       9
       7
       7
       3
      10
       7
       8
      10
      10
      10
       7
      19
      11
       6
      13
       7
       6
       3
      12
      10
      10
       8
       4
       6
       7
       5
       8
       4
       4
       6
       5
       7
       9
       6
       9
       7
       5
       2
       5
       5
       8
       8
      10
       9
      10
       7
       5
       9
      12
       6
       8
       6
      10
      10
       3
       5
      11
      11
       3
       8
       6
      10
       8
      12
      10
      10
       7
      10
       9
       6
       9
       9
      12
      17
      12
       9
      13
      12
      11
      13
      15
      12
      10
      13
      20
      15
      11
      17
      15
      14
      23
      10
      20
       8
      18
      14
      23
      12
      16
      12
      13
       5
       8
      14
      16
      11
       9
       9
       8
       8
       7
       5
       7
      13
      10
       7
       5
      11
       6
       8
       7
       7
      11
       6
       9
       5
       9
       4
       4
       7
       9
       9
       5
       4
       3
       4
       7
       7
       4
      10
       7
       6
      10
       8
       8
      13
       3
       6
       4
      10
       5
       5
       4
       3
       5
       2
       6
       6
       5
      10
       7
       5
       9
       3
       8
       5
       7
       9
       7
       3
       8
       7
       4
       4
       4
       5
       6
       8
       5
       9
       3
       8
       6
      15
      12
       9
       4
       6
       5
       3
       6
       9
       7
       9
       3
       4
       4
       5
       5
       9
       4
       3
       4
       3
       5
       4
       2
       6
       7
       5
       3
       2
       6
       6
       3
       4
       3
       5
       5
       6
       6
       3
       3
       4
       6
       5
       3
       4
       6
       6
       5
       2
       3
      10
       6
       5
       5
       3
       5
       2
       6
       2
       5
       5
       4
       4
       8
       5
       2
       6
       4
       4
       3
       6
       6
       6
       7
       6
       4
       4
       6
       3
       2
       6
       4
       2
       2
       1
       6
       5
       6
       3
       4
       2
       3
       3
       3
       2
       6
       2
       7
       3
       2
       1
       1
       3
       7
       2
       4
       3
       4
       5
       5
       0
       1
       1
       5
       3
       4
       9
       2
       4
       3
       2
       2
       1
       2
       4
       2
       4
       4
       3
       0
       3
       2
       0
       2
       3
       3
       4
       1
       2
       0
       4
       2
       1
       4
       3
       3
       1
       3
       6
       6
       0
       5
       0
       5
       1
       4
       3
       1
       3
       3
       4
       3
       1
       0
       3
       5
       0
       2
       1
       2
       2
       4
       2
       1
       2
       1
       2
       3
       1
       6
       1
       4
       4
       3
       1
       4
       8
       2
       5
       2
       3
       5
       1
       4
       2
       3
       5
       3
       3
       1
       2
       3
       4
       5
       2
       3
       4
       1
       1
       6
       6
       3
       2
       5
       2
       1
       1
       6
       3
       2
       2
       2
       6
       3
       1
       1
       2
       5
       1
       7
       4
       4
       5
       6
       4
       5
       3
       1
       5
       4
       4
       6
       6
       9
       3
       7
       9
       8
       2
      12
       9
       9
       6
       7
       8
       8
      11
       9
       6
       6
      11
       6
       8
       9
      12
       5
       5
       6
      15
       8
       9
       7
       8
      13
      13
       4
       8
       8
       6
       8
       9
       9
       3
       4
       3
       4
       2
       3
       5
       4
       2
       1
       2
       3
       3
       0
       1
       2
       2
       4
       2
       2
       3
       1
       1
       0
       1
       0
       0
       3
       0
       1
       0
       1
       1
       0
       1
       0
       1
       1
       1
       2
       0
       0
       0
       1
       1
       2
       3
       0
       1
       0
       1
       1
       2
       3
       2
       0
       1
       0
       1
       1
       2
       2
       2
       1
       0
       2
       1
       2
       1
       0
       1
       1
       1
       0
       2
       1
       1
       1
       0
       1
       0
       0
       0
       3
       0
       2
       1
       1
       1
       0
       2
       1
       3
       0
       0
       1
       2
       1
       0
       0
       2
       2
       1
       0
       1
       1
       1
       2
       3
       0
       0
       0
       1
       1
       0
       3
       4
       0
       1
       0
       0
       1
       0
       1
       1
       0
       3
       2
       0
       1
       1
       1
       0
       1
       3
       3
       1
       1
       2
       1
       1
       0
       2
       1
       1
       1
       1
       0
       1
       0
       0
       0
       1
       3
       3
       1
       1
       3
       0
       1
       1
       1
       0
       3
       2
       0
       3
       0
       1
       3
       0
       1
       1
       1
       0
       1
       1
       1
       3
       0
       3
       1
       2
       3
       0
       1
       1
       0
       1
       1
       3
       0
       1
       2
       0
       0
       2
       0
       0
       1
       0
       2
       2
       1
       0
       0
       1
       0
       0
       1
       1
       1
       1
       0
       0
       0
       1
       2
       0
       1
       0
       1
       0
       1
       0
       2
       1
       0
       2
       0
       0
       0
       1
       1
       0
       0
       1
       1
       1
       0
       1
       2
       0
       0
       0
       1
       0
       1
       0
       0
       1
       1
       0
       1
       0
       2
       0
       0
       1
       2
       1
       1
       2
       2
       0
       1
       0
       1
       0
       0
       1
       0
       0
       1
       0
       0
       0
       0
       0
       0
       0
       0
       0
       1
       0
       0
       0
       0
       0
       1
       1
       0
       0
       0
       0
       0
       1
       1
       0
       0
       0
       0
       0
       2
       0
       0
       2
       1
       0
       0
       1
       0
       1
       1
       0
       2
       0
       0
       1
       0
       0
       2
       0
       1
       1
       0
       1
       0
       1
       0
       1
       0
       0
       0
       1
       1
       0
       0
       0
       1
       1
       0
       1
       0
       0
       0
       1
       1
       1
       1
       0
       2
       0
       1
       0
       0
       1
       0
       0
       2
       0
       0
       0
       0
       3
       0
       0
       0
       0
       1
       1
       0
       2
       2
       1
       0
       2
       1
       1
       1
       0
       0
       0
       0
       0
       1
       1
       1
       0
       0
       1
       0
       1
       1
       0
       0
       2
       0
       2
       1
       3
       3
       1
       0
       3
       0
       0
       0
       0
       2
       1
       0
       0
       1
       0
       0
       0
       1
       1
       1
       0
       0
       1
       1
       0
       2
       0
       1
       0
       2
       1
       0
       0
       0
       2
       0
       1
       0
       0
       0
       0
       2
       0
       0
       0
       1
       2
       0
       1
       1
       1
       1
       0
       1
       1
       0
       0
       1
       0
       1
       0
       0
       0
       0
       0
       0
       0
       2
       0
       1
       0
       0
       1
       0
       0
       1
       1
       0
       1
       0
       2
       1
       0
       0
       2
       0
       0
       0
       0
       2
       0
       1
       0
       0
       0
       0
       1
       0
       1
       0
       1
       0
       0
       0
       1
       0
       0
       1
       1
       1
       0
       0
       1
       0
       1
       1
       1
       1
       1
       0
       0
       0
       0
       1
       1
       0
       0
       0
       0
       0
       0
       1
       0
       0
       0
       0
       0
       0
       1
       1
       0
       1
       0
       0
       0
       0
       0
       0
       0
       0
       0
       1
       0
       1
       1
       1
       0
       0
       0
       0
       1
       0
       0
       1
       0
       0
       0
       1
       0
       1
       1
       0
       1
       0
       0
       0
       0
       0
       0
       0
       0
       0
       0
       0
       0
       0
       0
       1
       0
       1
       0
       0
       0
       1
       0
       0
       0
       2
       0
       0
       0
       1
       0
       0
       0
       0
       1
       0
       0
       0
       0
       1
       1
       3
       0
       1
       0
       0
       0
       1
       0
       1
       0
       1
       0
       0
       0
       1
       0
       0
       2
       2
       0
       1
       1
       0
       0
       0
       0
       1
       1
       1
       1
       1
       2
       0
       0
       0
       0
       2
       0
       0
       2
       0
       1
       0
       1
       1
       1
       0
       1
       0
       2
       1
       1
       0
       2
       1
       1
       3
       1
       1
       0
       0
       2
       1
       0
       1
       0
       0
       0
       1
       0
       0
       1
       2
       1
       0
       0
       2
       0
       1
       3
       0
       0
       0
       0
       0
       0
       0
       0
       0
       0
       0
       0
       0
       0
       1
       1
       0
       0
       1
       0
       1
       1
       0
       0
       0
       0
       0
       0
       0
       0
       0
       1
       0
       1
       0
       0
       1
       0
       0
       0
       0
       0
       0
       0
       1
       2
       1
       0
       1
       0
       0
       0
       0
       1
       0
       0
       0
       0
       1
       1
       0
       0
       0
       1
       0
       0
       0
       0
       1
       0
       0
       0
       0
       1
       1
       0
       0
       0
       0
       0
       0
       1
       0
       0
       0
       1
       0
       0
       0
       0
       0
       0
       0
       0
       0
       0
       0
       0
       0
       0
       0
       0
       0
       0
       0
       0
       0
       0
       0
       0
       0
       1
       0
       0
       0
       0
       1
       0
       0
       0
       0
       0
       0
       0
       0
       0
       0
       0
       0
       0
       0
       0
       0
       0
       0
       0
       0
       0
       0
       0
       0
       0
       0
       0
       0
       0
       0
       0
       0
       0
       0
       0
       0
       1
       0
       0
       0
       0
       0
       0
       0
       0
       0
       0
       0
       0
       0
       0
       0
       0
       0
       0
       0
       0
       0
       0
       0
       0
       0
       0
       0
       0
       0
       0
       0
       0
       0
       0
       0
       0
       0
       0
       0
       0
       0
       0
       0
       0
       0
       0
       0
       0
       0
       0
       0
       0
       0
       0
       0
       0
       0
       0
       0
       1
       0
       0
       1
       0
       0
       0
       0
       0
       0
       0
       0
       0
       0
       0
       0
       0
       0
       0
       0
       0
       0
       0
       0
       0
       0
       0
       0
       0
       0
       0
       0
       0
       0
       0
       0
       0
       0
       0
       0
       0
       0
       0
       0
       0
       0
       0
       1
       0
       0
       0
       0
       0
       0
       0
       0
       0
       0
       0
       0
       0
       0
       0
       0
       0
       0
       0
       0
       0
       0
       0
       0
       0
       0
       0
       0
       0
       0
       0
       0
       0
       0
       0
       0
       0
       0
       0
       0
       0
       0
       0
       0
       0
       0
       0
       0
       0
       0
       0
       0
       0
       0
       0
       0
       0
       0
       0
       1
       0
       0
       0
       0
       0
       0
       0
       0
       0
       0
       0
       0
       0
       0
       0
       0
       0
       0
       0
       0
       1
       0
       0
       0
       0
       0
       0
       0
       0
       0
       0
       0
       0
       0
       0
       0
       0
       0
       0
       0
       0
       0
       0
       0
       0
       0
       0
       0
       0
       0
       0
       0
       0
       0
       0
       0
       0
       0
       0
       0
       0
       0
       0
       0
       0
       0
       0
       0
       0
       0
       0
       0
       0
       0
       0
       0
       0
       0
       0
       0
       0
       0
       0
       0
       0
       0
       0
       0
       0
       0
       0
       0
       0
       0
       0
       0
       0
       0
       0
       0
       0
       0
       0
       0
       0
       0
       0
       0
       0
       0
       0
       0
       0
       0
       0
       0
       0
       0
       0
       0
       0
       0
       0
       0
       0
       0
       0
       0
       0
       0
       0
       0
       0
       0
       0
       0
       0
       0
       0
       0
       0
       0
       0
       0
       0
       0
       0
       0
       0
       0
       0
       0
       0
$ROI:
5
471 536
564 647
763 844
1001 1090
1573 1669
$PRESETS:
Real Time
60
0
$ENER_FIT:
-20.212013 1.714672
$MCA_CAL:
3
-2.021201E+001 1.714672E+000 4.288640E-006 keV
$SHAPE_CAL:
3
1.158210E+001 3.853783E-002 -7.560620E-006
