$SPEC_ID:
This is spectrum 020
$SPEC_REM:
DET# 1
DETDESC# CK155-04 Easy-MCA-2k SN 12292282
AP# Maestro Version 7.01
$DATE_MEA:
02/17/2022 13:40:40
$MEAS_TIM:
59 60
$DATA:
0 2047
       0
       0
       0
       0
       0
       0
       0
       0
       0
       0
       0
       0
       0
       0
      21
      26
      31
      22
      33
      25
      23
      36
      38
      36
      29
      34
      32
      34
      37
      32
      46
      42
      36
      44
      43
      46
      58
      50
      49
      78
      73
      78
      79
      96
      81
      91
     102
      92
     109
     103
     123
     123
     115
     104
     138
     134
     136
     128
     131
     121
     128
     146
     135
     165
     143
     154
     126
     165
     162
     160
     167
     147
     146
     180
     140
     137
     154
     153
     165
     161
     150
     160
     139
     159
     162
     135
     118
     144
     122
     124
     115
     146
     134
     132
     122
     117
     120
     125
     114
     146
     118
     119
     106
     118
      98
     118
     113
     103
     110
     122
     125
     102
      95
      95
     119
      86
     109
     115
      84
     100
      99
      97
      81
      94
      94
     103
      96
      95
      83
      78
      74
     107
      86
      83
      85
      93
      99
      93
      84
      72
      85
      95
      77
      85
      79
      84
      72
      79
      71
      80
      77
      73
      72
      76
      81
      54
      63
      72
      60
      55
      51
      50
      64
      59
      56
      51
      54
      45
      51
      59
      54
      50
      67
      48
      29
      47
      47
      38
      47
      43
      49
      38
      42
      55
      47
      49
      54
      39
      42
      51
      36
      40
      44
      36
      49
      41
      52
      45
      41
      35
      33
      32
      27
      25
      33
      43
      46
      39
      38
      30
      39
      32
      22
      41
      26
      40
      27
      44
      32
      38
      20
      31
      26
      27
      23
      30
      25
      26
      34
      35
      22
      27
      31
      31
      32
      32
      22
      23
      18
      34
      18
      12
      25
      24
      16
      17
      24
      20
      35
      11
      26
      20
      19
      28
      19
      19
      33
      16
      12
      24
      26
      14
      18
      28
      17
      23
      22
      12
      20
      19
      20
      26
      19
      13
      11
      28
      19
      18
      25
      15
      13
      19
      19
      21
      18
      19
      22
      14
      13
      19
      15
      22
      23
      12
      16
      26
      13
      16
      23
      17
      23
      21
      12
      16
      13
      17
      13
      19
      24
      11
      15
      16
      14
      21
      16
      20
      17
      16
      10
      13
      13
      16
       6
      11
      11
      18
      13
      16
      25
       9
      12
      12
      10
      17
      17
      12
      22
      11
       8
      14
       5
      12
      15
      11
      17
      13
       9
       9
      10
      15
      17
      17
      10
      22
      16
      14
      13
      15
      14
      12
      15
      13
      17
      20
      17
      20
      21
      19
      12
      13
       9
      18
      13
      19
      14
      10
      12
      11
      17
      15
       9
      13
       8
      11
       9
      10
       6
      15
       9
       5
       8
       8
      10
       7
       6
       9
       4
       8
       8
       8
       7
      11
       7
      11
       8
      10
      11
      12
       9
      11
      11
       5
       8
      12
      10
       7
      11
       5
       8
       7
       8
       8
      12
       8
       7
       7
       5
       7
      10
       6
       5
      10
       9
       4
       7
      16
      11
       8
      11
      12
       7
       6
       6
       8
       7
       5
       7
       6
       6
      10
       7
       3
       3
      10
       6
       7
       6
       4
       5
      12
       6
      10
       6
       8
       8
       4
       3
       6
       6
       4
       7
      10
       6
       6
       4
      12
      10
      10
      20
       5
       8
       4
      10
       7
      13
       9
      11
       9
       8
      14
      10
      21
      13
      14
      15
      11
      16
      15
      16
      23
      22
      20
      16
      17
      17
      13
      12
      16
      17
      18
       9
      10
      13
      17
      15
      12
       9
       3
      12
      10
      13
      18
      10
       9
      11
       8
       8
      11
       9
      12
      10
      10
       7
       6
       2
       8
      12
       5
       7
       3
      10
       8
       6
       7
       7
       6
      10
       5
       5
       5
       5
       5
      10
       2
       6
       3
       3
       7
       7
       8
       5
       5
       7
       7
       4
       7
       3
       5
       6
       7
       5
       8
       6
       5
       8
       9
       6
       4
       3
       4
       9
       6
       4
       5
       5
       8
       8
       7
       6
       6
       5
       5
       6
       4
       6
       5
       7
       4
       2
      11
       9
       6
       6
       6
       6
       9
      11
       5
       6
       7
       7
       6
       4
       8
       5
       7
       7
       1
       5
       3
       3
       3
       5
       3
       5
       4
       5
       6
       3
       1
       5
       5
       3
       5
       3
       4
       5
       4
       6
       6
       9
       7
       5
       3
       9
       0
       8
       7
       8
       7
       6
       7
       5
       8
       2
       5
       2
       7
       8
       2
       5
       3
       4
       3
       2
       2
       3
      10
       3
       2
       4
       9
       2
       2
       3
       3
       6
       4
       7
       2
       6
       3
       5
       2
       4
       4
       2
       7
       1
       3
       3
       8
       3
       1
       4
       5
       4
       1
       7
       3
       5
       1
       3
       0
       3
       2
       4
       5
       2
       3
       4
       2
       6
       2
       3
       7
       2
       4
       4
       3
       1
       3
       1
       4
       1
       6
       5
       2
       2
       1
       2
       3
       1
       1
       3
       0
       2
       4
       3
       3
       3
       1
       5
       0
       2
       1
       2
       2
       1
       2
       2
       2
       2
       3
       4
       3
       1
       0
       0
       4
       1
       4
       2
       7
       5
       2
       2
       4
       2
       2
       2
       4
       1
       3
       5
       0
       4
       4
       1
       1
       3
       1
       1
       3
       0
       2
       1
       2
       2
       1
       4
       2
       2
       3
       3
       1
       3
       2
       2
       2
       2
       2
       2
       8
       2
       3
       4
       4
       5
       3
       4
       4
       3
       3
       6
       5
       4
       2
       1
       1
       2
       5
       4
       4
       2
       4
       4
       3
       2
       4
       7
       3
       4
       6
       6
       3
       4
       5
       7
       4
       7
       9
       6
       4
       9
       5
       4
      10
       7
      10
       6
      12
       7
       7
       8
       3
       6
      11
       8
       7
       8
      12
      13
       5
      11
       7
       9
       5
      16
       6
      13
      10
      15
       4
      11
       9
      12
       2
       3
       2
       3
       9
       8
       6
       4
       6
       9
       5
       3
       6
       2
       6
       1
       0
       0
       0
       2
       1
       2
       1
       1
       0
       1
       1
       1
       1
       0
       0
       1
       1
       0
       0
       2
       1
       0
       0
       0
       0
       1
       0
       0
       1
       1
       0
       2
       1
       2
       3
       0
       1
       1
       2
       1
       2
       1
       1
       1
       0
       2
       0
       0
       1
       0
       1
       0
       1
       1
       2
       1
       0
       0
       1
       2
       1
       1
       1
       0
       1
       4
       0
       2
       0
       1
       2
       0
       1
       0
       2
       1
       1
       0
       0
       1
       1
       0
       1
       1
       1
       0
       0
       0
       1
       1
       2
       0
       0
       1
       2
       2
       0
       0
       1
       1
       1
       2
       2
       0
       1
       1
       1
       3
       0
       3
       0
       0
       0
       0
       2
       1
       0
       0
       0
       0
       3
       0
       1
       0
       3
       0
       0
       0
       0
       1
       0
       1
       1
       1
       0
       2
       2
       1
       1
       0
       1
       2
       0
       0
       1
       5
       2
       1
       3
       1
       1
       1
       2
       0
       0
       2
       1
       3
       3
       3
       2
       2
       0
       0
       1
       0
       2
       2
       0
       0
       0
       3
       0
       1
       2
       1
       3
       1
       0
       0
       1
       0
       4
       0
       0
       0
       1
       2
       1
       3
       0
       0
       0
       1
       0
       0
       1
       2
       2
       2
       2
       0
       0
       1
       0
       2
       0
       1
       0
       0
       0
       0
       0
       0
       0
       0
       2
       1
       1
       1
       0
       0
       0
       0
       0
       0
       0
       0
       0
       0
       1
       0
       0
       0
       0
       1
       0
       0
       0
       1
       2
       1
       0
       0
       0
       0
       0
       1
       1
       0
       0
       1
       1
       1
       1
       0
       0
       1
       2
       0
       1
       0
       0
       0
       0
       0
       0
       0
       0
       0
       1
       0
       1
       0
       0
       0
       0
       1
       0
       0
       0
       0
       0
       0
       1
       0
       0
       3
       2
       0
       0
       1
       0
       0
       3
       0
       2
       0
       0
       1
       1
       2
       1
       1
       0
       0
       0
       0
       1
       0
       0
       2
       0
       0
       0
       0
       1
       0
       1
       1
       2
       0
       0
       0
       0
       0
       0
       1
       0
       1
       0
       0
       1
       0
       1
       1
       1
       2
       2
       0
       0
       0
       0
       0
       1
       2
       2
       0
       1
       1
       0
       1
       0
       2
       0
       2
       1
       0
       0
       0
       1
       0
       1
       2
       0
       1
       0
       0
       1
       0
       1
       0
       1
       0
       0
       0
       0
       2
       1
       1
       0
       1
       1
       0
       1
       1
       0
       0
       2
       0
       0
       1
       2
       1
       0
       1
       1
       0
       0
       0
       1
       0
       0
       0
       1
       0
       0
       0
       0
       1
       0
       1
       2
       2
       1
       0
       0
       0
       0
       0
       0
       1
       0
       0
       1
       1
       0
       1
       1
       1
       0
       0
       0
       2
       0
       2
       1
       3
       0
       2
       2
       2
       1
       0
       0
       0
       0
       0
       1
       0
       0
       0
       1
       3
       2
       0
       0
       0
       0
       1
       0
       1
       1
       0
       1
       0
       0
       1
       1
       1
       0
       0
       0
       1
       0
       0
       1
       1
       0
       0
       0
       0
       1
       0
       0
       1
       0
       0
       1
       0
       0
       0
       0
       1
       0
       2
       0
       0
       0
       0
       0
       0
       0
       1
       2
       1
       0
       0
       0
       0
       0
       1
       0
       0
       0
       0
       0
       1
       0
       1
       0
       0
       0
       0
       0
       0
       0
       0
       2
       0
       1
       1
       0
       1
       0
       2
       0
       0
       0
       0
       1
       0
       1
       0
       0
       0
       1
       0
       1
       0
       1
       0
       0
       1
       0
       1
       0
       1
       0
       0
       0
       0
       0
       0
       0
       0
       0
       0
       0
       0
       0
       0
       0
       1
       1
       0
       0
       1
       1
       0
       0
       0
       0
       0
       2
       0
       0
       0
       0
       0
       0
       0
       0
       0
       0
       0
       0
       0
       0
       1
       0
       0
       0
       0
       1
       1
       0
       0
       0
       0
       0
       0
       0
       0
       0
       0
       0
       0
       0
       0
       1
       0
       1
       0
       0
       1
       0
       0
       0
       2
       3
       0
       1
       4
       2
       0
       0
       1
       0
       2
       0
       1
       1
       2
       2
       0
       0
       1
       3
       0
       0
       1
       2
       3
       0
       3
       2
       1
       2
       3
       1
       0
       1
       1
       0
       1
       1
       0
       0
       0
       0
       0
       0
       1
       0
       0
       0
       0
       0
       0
       1
       0
       0
       0
       0
       0
       0
       0
       1
       0
       1
       0
       0
       0
       0
       0
       0
       1
       0
       1
       1
       0
       0
       0
       0
       0
       1
       0
       0
       0
       0
       0
       0
       0
       0
       1
       0
       0
       0
       0
       0
       1
       0
       1
       0
       0
       1
       0
       0
       0
       1
       0
       0
       0
       1
       0
       0
       1
       0
       0
       0
       0
       0
       0
       0
       1
       0
       0
       0
       1
       0
       0
       0
       0
       0
       0
       0
       0
       0
       0
       0
       0
       0
       0
       0
       0
       0
       0
       0
       0
       0
       0
       1
       1
       0
       0
       0
       0
       0
       0
       0
       0
       0
       0
       1
       0
       1
       0
       0
       0
       0
       0
       0
       0
       0
       0
       0
       0
       0
       0
       0
       0
       0
       0
       0
       0
       0
       0
       0
       1
       0
       0
       0
       0
       0
       0
       0
       0
       0
       0
       0
       0
       0
       0
       0
       0
       0
       0
       0
       0
       0
       0
       0
       0
       0
       0
       0
       0
       0
       0
       0
       0
       0
       0
       0
       0
       0
       0
       0
       0
       0
       0
       0
       0
       0
       0
       0
       0
       0
       0
       0
       0
       0
       0
       0
       1
       0
       0
       0
       0
       0
       1
       0
       0
       0
       0
       0
       0
       0
       0
       0
       0
       1
       0
       0
       0
       0
       0
       0
       0
       0
       0
       0
       0
       0
       0
       0
       0
       0
       0
       0
       0
       2
       0
       0
       0
       0
       0
       0
       0
       0
       0
       1
       0
       0
       0
       0
       0
       0
       0
       0
       0
       0
       0
       0
       0
       0
       1
       0
       0
       0
       0
       0
       0
       0
       0
       0
       0
       0
       0
       0
       0
       0
       0
       0
       0
       0
       0
       0
       0
       0
       0
       0
       0
       0
       0
       0
       0
       0
       0
       0
       0
       0
       0
       0
       0
       0
       0
       0
       0
       0
       1
       0
       0
       0
       0
       0
       0
       0
       0
       0
       0
       0
       0
       0
       0
       0
       0
       0
       0
       0
       0
       0
       0
       1
       0
       0
       0
       0
       0
       0
       0
       0
       0
       0
       0
       0
       0
       0
       0
       0
       0
       0
       0
       0
       0
       0
       0
       0
       0
       0
       0
       0
       0
       0
       0
       0
       0
       0
       0
       0
       0
       1
       0
       0
       0
       0
       0
       0
       0
       0
       0
       0
       0
       0
       0
       0
       0
       0
       0
       0
       0
       0
       0
       0
       0
       0
       0
       0
       0
       0
       0
       0
       0
       0
       0
       0
       0
       0
       0
       0
       0
       0
       0
       0
       0
       0
       0
       0
       0
       0
       0
       0
       0
       0
       0
       0
       0
       0
       0
       0
       0
       0
       0
       0
       0
       0
       0
       0
       0
       0
       0
       0
       0
       0
       0
       0
       0
       0
       0
       0
       0
       0
       0
       0
       0
       0
       0
       0
       0
       0
       0
       0
       0
       0
       0
       0
       0
       0
       0
       0
       0
       0
       0
       0
       0
       0
       0
       0
       0
       0
       0
       0
       0
       0
       0
       0
       0
       0
       0
       0
       0
       0
       0
       0
$ROI:
5
471 536
564 647
763 844
1001 1090
1573 1669
$PRESETS:
Real Time
60
0
$ENER_FIT:
-20.212013 1.714672
$MCA_CAL:
3
-2.021201E+001 1.714672E+000 4.288640E-006 keV
$SHAPE_CAL:
3
1.158210E+001 3.853783E-002 -7.560620E-006
