$SPEC_ID:
This is spectrum 013
$SPEC_REM:
DET# 1
DETDESC# CK155-04 Easy-MCA-2k SN 12292282
AP# Maestro Version 7.01
$DATE_MEA:
02/17/2022 13:33:31
$MEAS_TIM:
59 60
$DATA:
0 2047
       0
       0
       0
       0
       0
       0
       0
       0
       0
       0
       0
       0
       0
       0
      20
      26
      44
      29
      28
      21
      48
      28
      29
      34
      40
      38
      38
      40
      36
      43
      47
      52
      44
      60
      51
      60
      57
      66
      55
      54
      84
      71
      89
      85
     107
      79
      85
     115
      95
     122
     136
     119
     129
     135
     126
     128
     152
     137
     143
     140
     144
     138
     131
     152
     160
     153
     148
     140
     155
     141
     164
     141
     152
     153
     149
     156
     164
     157
     167
     167
     181
     123
     158
     153
     155
     132
     134
     129
     158
     133
     152
     136
     138
     151
     145
     126
     114
     123
     134
     127
     130
     115
     139
     127
     112
     124
     102
     120
     100
     128
     113
     116
      97
     101
     114
     117
      91
      89
      79
     103
     101
      85
      93
      88
      99
      94
      98
      85
     105
      94
      81
      99
      96
     100
     107
      94
     110
      80
      70
      86
      90
      70
      74
      77
      79
      70
      87
      89
      91
      68
      78
      50
      57
      77
      70
      69
      47
      57
      70
      58
      71
      52
      57
      63
      53
      50
      54
      49
      52
      55
      63
      62
      60
      45
      65
      46
      61
      51
      39
      57
      47
      53
      46
      54
      40
      48
      38
      38
      49
      47
      42
      37
      34
      41
      32
      36
      48
      40
      35
      55
      44
      32
      37
      36
      38
      47
      47
      32
      28
      41
      35
      30
      45
      40
      29
      36
      37
      30
      30
      27
      26
      33
      30
      34
      30
      27
      27
      28
      29
      23
      40
      33
      27
      20
      29
      41
      35
      22
      27
      25
      18
      19
      24
      28
      18
      20
      25
      26
      16
      38
      28
      26
      16
      18
      19
      24
      22
      27
      18
      23
      19
      31
      24
      23
      16
      26
      18
      20
      17
      28
      23
      17
      19
      24
      22
      18
      17
      22
      22
      26
      21
      14
      17
      20
      20
      22
      11
      15
      18
      12
      17
      21
      18
      16
      21
      24
      14
      14
      23
      19
      24
      21
      20
      29
      22
      19
      22
      26
      19
      19
      22
      15
      19
      21
      20
      17
      19
      12
      17
      20
      12
      17
      17
      14
      26
      15
       8
      16
      10
      13
      22
      15
       8
      20
      17
      16
      12
      17
      12
      17
      12
      14
      20
      21
      22
      13
      15
      12
      14
      13
       8
      11
      25
      24
      15
      21
      16
      21
      14
      21
      20
      14
      19
      11
      18
      20
      21
      21
      18
      14
      12
      12
      16
      14
      13
      17
      19
      21
      13
      15
      11
      14
      10
      13
      14
       9
       8
       9
      14
      12
       8
       7
       6
      11
       7
      11
      14
      17
      12
       8
       5
       8
      11
      12
      10
      15
       7
      11
       9
       6
       9
      11
       6
      10
      10
      10
      13
       9
       8
       5
      10
      12
       5
       5
       9
      15
       5
      10
       4
       8
      11
      11
       7
       7
       7
      12
      10
      10
       6
      12
      10
       3
       8
       9
      10
      11
       8
       8
       7
       8
       6
       6
       9
      16
       5
      11
       6
       6
       3
       9
       7
      11
       9
       9
       9
       6
       5
       2
       8
       7
       7
       7
       8
      10
      12
      14
       4
      14
      10
       7
       7
      19
       7
      12
       9
      11
      17
      11
       7
      17
      14
      20
      18
      17
      18
      14
      24
      14
      20
      21
      13
      27
      14
      19
      16
      24
      24
      12
      15
      11
      25
      15
      16
      18
      17
      19
      16
      16
      14
      15
      12
      14
       6
      12
       7
      10
       8
      10
       7
       5
       5
       9
       8
       1
      11
       5
       7
       4
       9
       5
       4
       5
       5
       7
       3
       8
       7
       6
       5
       6
       7
       8
       4
       5
       9
       8
      12
       6
       6
       4
       7
       9
       4
       5
       5
       9
       7
       3
       7
       8
       3
       5
       5
       6
       5
       4
       2
       9
       5
       5
       4
       8
       5
       8
      12
       6
       7
       9
       9
      12
      12
       9
      10
      13
      11
       5
       9
       8
       7
       7
       7
      12
       8
       7
       7
       6
      11
       5
       8
       6
       7
      10
       5
      11
       7
       5
       7
       4
       4
       5
       5
       6
       5
       4
       2
       5
       7
       7
       2
       7
       4
       8
       4
       5
       3
       6
       7
       5
       4
       8
       3
       2
       6
       5
       6
       3
       8
       2
       2
       6
       4
       6
       4
       8
       7
       3
       1
       2
       3
       5
       4
       5
       4
       6
       6
       4
       6
       7
       5
       4
       9
       6
       3
       2
       9
       5
       2
       7
       5
       6
       5
       4
       4
       2
       4
       6
       4
       6
       1
       3
       2
       3
       3
       7
       3
       4
       3
       6
       4
       5
       5
       2
       1
       4
       3
       2
       0
       7
       5
       4
       2
       3
       4
       4
       2
       4
       2
       2
       2
       2
       1
       4
       5
       3
       3
       2
       7
      10
       2
       3
       3
       1
       3
       7
       6
       3
       4
       2
       6
       4
       3
       2
       4
       3
       3
       2
       1
       1
       2
       6
       2
       1
       5
       3
       1
       1
       4
       7
       2
       4
       5
       2
       2
       1
       2
       4
       1
       2
       1
       2
       1
       2
       4
       2
       3
       4
       3
       8
       2
       4
       2
       0
       2
       0
       4
       6
       6
       1
       1
       3
       2
       2
       6
       3
       2
       2
       2
       3
       4
       2
       1
       3
       3
       1
       2
       4
       1
       3
       2
       6
       1
       0
       1
       0
       6
       1
       1
       2
       3
       2
       3
       5
       4
       6
       5
       4
       2
       3
       5
       3
       3
       8
       6
       3
       6
       8
       6
       5
       5
       6
       0
       5
       4
       9
       5
       5
       8
      10
       5
       9
       7
       7
       6
      12
       5
       7
       7
       9
      13
      10
       9
      10
      13
       4
       8
       9
       6
       8
       8
       6
      11
       4
       6
       5
       4
       1
       7
       8
       2
      10
       2
       6
       6
       2
       2
       1
       2
       6
       6
       1
       2
       3
       0
       4
       1
       3
       1
       2
       1
       3
       1
       2
       0
       1
       1
       1
       3
       2
       1
       2
       4
       0
       2
       0
       1
       0
       1
       0
       1
       1
       0
       1
       0
       0
       2
       1
       2
       0
       1
       1
       1
       0
       1
       1
       0
       2
       1
       0
       0
       0
       1
       1
       1
       1
       0
       0
       3
       1
       2
       2
       0
       2
       1
       1
       0
       1
       2
       3
       0
       1
       0
       1
       2
       2
       1
       2
       1
       0
       0
       0
       1
       0
       2
       0
       2
       0
       1
       3
       0
       0
       2
       0
       1
       0
       2
       1
       0
       0
       0
       1
       1
       2
       1
       2
       1
       3
       0
       1
       2
       1
       0
       0
       0
       0
       0
       0
       2
       2
       0
       0
       1
       1
       2
       3
       1
       1
       2
       2
       1
       3
       1
       3
       0
       1
       0
       0
       3
       2
       0
       0
       1
       0
       0
       3
       2
       2
       2
       1
       1
       2
       0
       2
       1
       3
       1
       4
       1
       3
       1
       2
       1
       1
       1
       4
       3
       2
       4
       1
       1
       1
       1
       0
       3
       1
       2
       4
       6
       1
       3
       2
       2
       0
       3
       3
       0
       2
       1
       2
       0
       0
       0
       0
       2
       2
       0
       1
       2
       0
       0
       2
       0
       0
       0
       1
       1
       1
       0
       0
       2
       1
       0
       1
       1
       0
       3
       0
       0
       0
       0
       1
       1
       1
       0
       0
       2
       1
       2
       1
       0
       2
       0
       1
       0
       0
       0
       0
       0
       0
       0
       0
       0
       0
       0
       1
       2
       0
       0
       1
       0
       1
       0
       1
       1
       0
       1
       1
       0
       0
       0
       0
       1
       3
       0
       4
       1
       0
       1
       0
       1
       1
       1
       0
       0
       0
       0
       0
       1
       1
       0
       1
       0
       0
       3
       0
       0
       1
       1
       1
       1
       1
       0
       2
       1
       0
       0
       0
       0
       0
       1
       0
       0
       0
       0
       2
       0
       0
       0
       1
       0
       0
       2
       1
       1
       0
       0
       0
       1
       0
       0
       0
       0
       0
       1
       0
       1
       0
       0
       1
       0
       0
       1
       2
       2
       0
       0
       0
       1
       0
       0
       0
       0
       0
       1
       0
       1
       1
       1
       0
       0
       3
       0
       1
       2
       4
       1
       2
       0
       1
       1
       1
       0
       3
       1
       0
       1
       0
       0
       1
       1
       1
       2
       0
       0
       0
       1
       0
       0
       2
       2
       0
       1
       0
       1
       0
       2
       0
       1
       0
       0
       1
       2
       0
       0
       0
       0
       1
       1
       1
       1
       2
       1
       2
       0
       0
       1
       2
       1
       3
       0
       1
       1
       0
       0
       0
       0
       1
       0
       1
       2
       1
       0
       0
       0
       0
       1
       2
       1
       0
       1
       0
       0
       0
       0
       1
       2
       2
       0
       1
       1
       0
       0
       1
       1
       0
       1
       0
       1
       1
       3
       2
       1
       0
       0
       1
       0
       0
       0
       0
       0
       1
       0
       0
       0
       1
       0
       0
       0
       0
       0
       0
       0
       0
       1
       0
       0
       1
       0
       0
       0
       1
       0
       0
       0
       0
       1
       0
       1
       0
       0
       0
       0
       0
       1
       0
       1
       1
       0
       2
       0
       2
       1
       0
       0
       0
       0
       0
       1
       1
       1
       0
       1
       1
       1
       1
       1
       0
       0
       0
       0
       1
       0
       0
       0
       1
       0
       0
       0
       0
       0
       0
       2
       0
       0
       0
       0
       0
       1
       0
       0
       0
       0
       0
       0
       2
       0
       0
       0
       0
       0
       0
       0
       0
       1
       0
       0
       0
       0
       1
       0
       0
       1
       0
       0
       0
       1
       0
       0
       0
       1
       1
       0
       0
       0
       0
       0
       0
       1
       2
       1
       1
       0
       0
       1
       0
       0
       0
       1
       0
       1
       0
       0
       1
       1
       0
       0
       0
       0
       1
       1
       0
       0
       0
       1
       1
       0
       0
       0
       0
       1
       1
       0
       0
       0
       1
       0
       0
       1
       1
       0
       1
       0
       0
       0
       1
       2
       0
       0
       0
       2
       1
       0
       2
       1
       1
       0
       1
       1
       0
       0
       0
       1
       0
       1
       2
       1
       0
       1
       1
       1
       1
       1
       2
       3
       0
       2
       0
       0
       0
       1
       1
       0
       1
       1
       1
       1
       1
       0
       1
       0
       0
       1
       3
       1
       0
       0
       1
       0
       0
       1
       1
       0
       0
       1
       1
       0
       0
       1
       2
       0
       0
       1
       0
       0
       0
       0
       0
       0
       0
       0
       0
       0
       0
       0
       1
       0
       1
       0
       1
       0
       0
       1
       0
       0
       0
       2
       1
       1
       0
       0
       0
       0
       1
       1
       0
       3
       0
       0
       0
       0
       1
       0
       0
       0
       1
       0
       1
       0
       0
       0
       0
       1
       2
       0
       0
       0
       1
       0
       0
       0
       0
       0
       0
       0
       0
       0
       0
       0
       0
       0
       1
       0
       0
       0
       0
       1
       0
       0
       0
       0
       0
       0
       0
       0
       0
       0
       0
       0
       1
       1
       0
       0
       0
       1
       0
       0
       0
       0
       0
       0
       0
       0
       0
       0
       0
       0
       0
       0
       0
       0
       0
       0
       0
       0
       0
       0
       0
       0
       0
       0
       0
       0
       0
       0
       0
       0
       0
       0
       0
       0
       0
       0
       0
       0
       0
       0
       0
       0
       0
       0
       0
       0
       0
       0
       0
       0
       0
       0
       0
       0
       0
       0
       0
       0
       0
       0
       0
       0
       0
       0
       0
       0
       0
       0
       0
       0
       0
       1
       0
       0
       0
       0
       0
       0
       0
       0
       0
       0
       0
       0
       0
       1
       0
       0
       0
       0
       0
       0
       0
       0
       0
       0
       0
       0
       0
       0
       0
       0
       0
       0
       0
       0
       0
       0
       0
       0
       0
       0
       0
       0
       0
       0
       0
       0
       0
       0
       0
       0
       0
       0
       0
       0
       0
       0
       0
       0
       0
       0
       0
       0
       0
       0
       0
       0
       0
       0
       0
       0
       0
       0
       0
       0
       0
       0
       0
       0
       0
       0
       0
       0
       0
       0
       0
       0
       0
       0
       0
       0
       0
       0
       0
       0
       0
       0
       0
       0
       0
       0
       0
       0
       0
       0
       0
       0
       0
       0
       0
       0
       1
       0
       0
       0
       0
       0
       0
       0
       0
       0
       0
       0
       0
       0
       0
       0
       0
       1
       0
       0
       0
       0
       0
       0
       1
       0
       0
       0
       0
       0
       0
       0
       0
       0
       0
       0
       0
       0
       0
       0
       0
       0
       0
       0
       0
       0
       0
       1
       0
       0
       0
       0
       0
       0
       0
       0
       0
       0
       0
       0
       0
       0
       0
       0
       0
       0
       0
       0
       0
       0
       0
       0
       0
       0
       0
       0
       0
       0
       0
       0
       0
       0
       0
       0
       0
       0
       0
       0
       0
       0
       0
       0
       0
       0
       0
       0
       0
       0
       0
       0
       0
       0
       0
       0
       0
       0
       0
       0
       0
       0
       0
       0
       0
       0
       0
       0
       0
       0
       0
       0
       0
       0
       0
       0
       0
       0
       0
       0
       0
       0
       0
       0
       0
       0
       0
       0
       0
       0
       0
       0
       0
       0
       0
       0
       0
       0
       0
       0
       0
       0
       0
       0
       0
       0
       0
       0
       0
       0
       0
       0
       0
       0
       0
       0
       0
       0
       0
       0
       0
       0
       0
       0
       0
       0
       0
       0
       0
       0
       0
       0
       0
       0
       0
       0
       0
       0
       0
       0
       0
       0
       0
$ROI:
5
471 536
564 647
763 844
1001 1090
1573 1669
$PRESETS:
Real Time
60
0
$ENER_FIT:
-20.212013 1.714672
$MCA_CAL:
3
-2.021201E+001 1.714672E+000 4.288640E-006 keV
$SHAPE_CAL:
3
1.158210E+001 3.853783E-002 -7.560620E-006
