$SPEC_ID:
This is spectrum 005
$SPEC_REM:
DET# 1
DETDESC# CK155-04 Easy-MCA-2k SN 12292282
AP# Maestro Version 7.01
$DATE_MEA:
02/17/2022 13:25:20
$MEAS_TIM:
59 60
$DATA:
0 2047
       0
       0
       0
       0
       0
       0
       0
       0
       0
       0
       0
       0
       0
       1
      27
      29
      25
      43
      42
      26
      33
      38
      33
      51
      42
      43
      47
      42
      55
      53
      58
      46
      66
      65
      57
      64
      75
      72
      75
      89
      87
     103
      93
     105
     113
      98
     105
     144
     130
     121
     119
     134
     127
     134
     139
     143
     135
     149
     147
     159
     159
     144
     199
     179
     167
     163
     157
     163
     153
     158
     165
     168
     165
     175
     159
     170
     181
     169
     166
     154
     178
     145
     167
     152
     143
     145
     156
     159
     158
     152
     147
     140
     149
     150
     139
     145
     156
     134
     124
     164
     130
     122
     118
     161
     126
     111
     120
     129
     124
     100
     101
      93
     139
      94
     114
      98
     109
      99
     119
     117
     124
     102
     111
     102
     109
     110
     104
     121
     112
     104
     105
     108
      89
     111
      86
     105
      94
      93
      84
     103
      97
      92
      97
      74
      81
      92
      87
      84
      83
      91
      79
      74
      79
      79
      56
      74
      79
      57
      82
      64
      74
      57
      67
      65
      80
      54
      66
      63
      59
      64
      48
      51
      70
      64
      68
      44
      42
      51
      56
      60
      50
      51
      49
      44
      49
      51
      49
      48
      48
      39
      39
      48
      50
      50
      47
      34
      51
      43
      47
      52
      45
      37
      44
      51
      42
      39
      50
      57
      39
      49
      30
      50
      39
      33
      39
      42
      26
      44
      35
      38
      37
      36
      33
      37
      37
      42
      30
      31
      39
      30
      37
      33
      23
      34
      30
      35
      31
      26
      33
      25
      34
      20
      27
      25
      26
      30
      24
      25
      21
      35
      24
      28
      20
      29
      30
      27
      18
      26
      25
      27
      26
      24
      24
      23
      15
      19
      28
      20
      27
      29
      30
      20
      30
      25
      25
      21
      26
      22
      13
      17
      20
      27
      32
      18
      14
      18
      22
      20
      24
      21
      24
      22
      22
      24
      35
      22
      18
      28
      19
      20
      17
      21
      24
      25
      27
      23
      25
      20
      26
      17
      20
      17
      21
      21
      21
      23
      22
      21
      24
      23
      23
      11
      22
      18
      22
      18
      16
      30
      29
      23
      25
      24
      19
       9
      21
      22
      17
      17
      18
      11
      13
      15
      25
      16
      12
      19
      25
      21
      16
      23
      19
      22
      25
      20
      18
      13
      28
      25
      26
      19
      16
      20
      17
      19
      23
      16
      19
      16
      21
      18
      23
      18
      23
      19
      16
       9
      12
      18
      12
      20
      12
      15
      15
      12
      14
       8
      11
      14
      10
      13
       9
       8
      18
      16
      13
      15
      14
      12
       9
      10
      14
      19
      11
       8
      11
      14
      14
       4
      12
      10
      12
       9
       9
       7
       9
      13
      11
       6
      10
       9
      10
       8
       5
      11
      11
      10
      15
      11
      13
      19
      13
       5
      15
       8
      15
       9
      10
      11
       6
      12
      11
       9
       4
      14
       6
      14
      12
      16
      11
      12
       7
      12
       2
      11
      16
      13
      13
      11
       7
      15
       8
      10
       9
       7
      11
       9
       9
      12
       4
       8
       7
       8
       5
       8
      14
       9
       9
      19
      10
       5
      13
      15
      16
      21
      18
      17
      17
      18
      19
      19
      27
      17
      29
      28
      29
      21
      21
      31
      23
      36
      23
      22
      29
      40
      34
      26
      33
      35
      26
      34
      30
      28
      30
      21
      27
      25
      29
      21
      18
      17
      25
      19
      16
      17
       5
      19
      19
      15
      10
      10
      14
       7
      10
      13
      16
       9
      11
       5
       8
       6
      12
      10
       9
      10
      12
      13
       5
       5
       4
       7
       5
      10
      10
      10
       9
       8
       6
      14
       8
       3
       8
       9
       7
       6
       7
       6
      13
       7
       7
       6
       6
      14
      13
       8
       9
       5
       8
       6
      11
       7
      13
       7
       8
       8
       8
      15
       4
      13
      11
      10
      15
       6
      12
      12
      14
      12
       7
       8
       6
      12
      10
      13
      14
       6
      12
      13
      16
      12
      12
      11
      14
      21
      11
      14
      13
       6
      13
       9
       8
      12
       7
      10
       8
       7
       8
       7
       9
       3
      10
       9
      14
       9
       5
       3
       5
       7
       7
       9
       9
       5
       5
       5
       7
       2
       6
       4
       5
       3
       5
       6
       3
       5
       6
       5
       2
       9
       5
       1
       3
       5
       8
      11
       5
       3
       8
       7
       4
       5
       4
      11
       4
       7
       5
       7
       1
       9
       9
       3
       4
       1
       4
       8
       6
       4
       9
      10
       7
       2
       3
       6
       6
       9
       7
       4
       8
       5
       6
       7
       3
       7
       6
       4
       5
       2
       4
      10
       5
       7
       8
       3
       4
       4
       8
       4
       4
       3
       2
       3
       2
       7
       7
       5
       1
       4
       2
       5
       4
       7
       2
       7
       8
       9
       2
       3
       7
       2
       3
       7
       6
       3
       6
       6
       5
       5
       5
       6
       8
       5
       3
       7
       6
       3
       8
       4
       6
       5
       2
       3
       4
       6
       4
       4
       9
       6
       3
       8
       2
       6
       3
       8
       9
       4
       4
       5
      11
       3
       0
       7
       3
       2
       7
       4
       3
       3
       4
       3
       2
       6
       2
       4
       4
       6
       7
       2
       4
       4
       4
       8
       3
       4
       5
       4
       7
       7
       3
       5
       7
       1
       9
       6
       4
       3
       4
       4
       8
       7
       7
       3
       3
      13
       5
       4
       4
       4
       5
       8
       7
       6
       4
       5
      12
       4
       4
      12
       3
       7
       7
       6
       6
      10
       6
       6
       5
       6
      15
      10
       7
       3
      14
       9
       8
      12
      11
       8
      12
       9
      10
      18
      10
      10
      10
      13
      10
       8
       9
      10
       6
      13
      16
       6
       8
       6
      13
       9
      12
      10
       9
      12
       8
      11
       6
       8
       3
       7
       7
       6
       8
       5
       9
       9
       7
       1
       5
       1
       3
       3
       5
       3
       3
       2
       6
       2
       3
       7
       3
       2
       0
       4
       6
       3
       4
       4
       2
       3
       3
       6
       2
       1
       1
       5
       2
       1
       0
       2
       0
       1
       1
       3
       3
       2
       0
       4
       5
       4
       2
       0
       2
       0
       1
       0
       3
       2
       1
       2
       1
       1
       6
       2
       1
       2
       0
       1
       4
       2
       2
       1
       1
       3
       2
       1
       3
       2
       2
       1
       1
       1
       0
       1
       1
       0
       2
       2
       0
       0
       1
       1
       3
       2
       0
       0
       1
       1
       0
       1
       0
       0
       0
       1
       1
       0
       2
       0
       0
       0
       0
       2
       1
       0
       3
       5
       0
       2
       0
       8
       2
       3
       2
       1
       2
       6
       4
       5
       3
       5
       4
       4
       7
       7
       4
       9
       6
       7
       7
       2
       5
       6
       9
       8
       8
      12
       6
      11
       5
       6
       8
      16
      13
      11
      11
       7
      12
       9
      14
       4
      10
      10
      16
       9
       7
      10
      11
      12
      10
      16
      11
      11
      13
      11
       7
      10
       8
       7
       7
      14
       8
       8
       5
       9
       4
       8
       6
       6
       5
       5
       7
       6
       8
       2
       6
       4
       4
       2
       6
       4
       5
       1
       2
       5
       1
       0
       0
       2
       3
       2
       4
       1
       3
       1
       1
       1
       1
       1
       0
       1
       0
       1
       1
       0
       2
       0
       0
       0
       0
       0
       0
       1
       0
       1
       0
       0
       0
       1
       0
       1
       1
       3
       0
       1
       0
       0
       0
       0
       0
       0
       2
       1
       2
       0
       0
       2
       0
       0
       1
       1
       0
       1
       0
       0
       1
       1
       0
       0
       0
       1
       0
       0
       0
       0
       1
       0
       0
       1
       0
       0
       0
       0
       0
       0
       0
       0
       0
       1
       0
       0
       2
       1
       0
       1
       0
       1
       2
       0
       0
       1
       0
       0
       0
       1
       0
       0
       0
       1
       0
       0
       0
       0
       1
       0
       1
       2
       1
       0
       0
       2
       1
       1
       0
       1
       1
       0
       0
       0
       2
       1
       1
       2
       2
       0
       1
       0
       2
       0
       3
       0
       1
       2
       1
       0
       0
       3
       0
       0
       0
       0
       0
       0
       1
       0
       0
       2
       3
       0
       0
       0
       0
       2
       0
       1
       0
       1
       1
       2
       0
       1
       0
       2
       1
       1
       1
       0
       1
       1
       0
       1
       0
       1
       2
       0
       1
       1
       1
       1
       0
       1
       2
       0
       0
       1
       4
       1
       0
       1
       0
       0
       0
       0
       2
       1
       0
       0
       0
       3
       1
       1
       1
       2
       3
       0
       1
       3
       1
       0
       0
       2
       0
       1
       0
       0
       1
       1
       0
       0
       0
       0
       1
       0
       0
       0
       0
       0
       0
       0
       2
       1
       0
       0
       0
       1
       1
       0
       2
       2
       3
       0
       0
       0
       2
       0
       1
       1
       1
       2
       1
       0
       1
       0
       3
       0
       1
       0
       0
       2
       0
       0
       0
       0
       0
       1
       1
       0
       0
       2
       0
       0
       0
       2
       2
       0
       1
       0
       0
       1
       0
       1
       1
       0
       0
       0
       1
       0
       0
       1
       0
       0
       0
       0
       0
       0
       0
       0
       0
       0
       2
       0
       0
       0
       1
       0
       2
       0
       1
       0
       0
       0
       1
       0
       0
       0
       0
       0
       1
       2
       0
       0
       0
       0
       0
       1
       0
       1
       0
       1
       3
       0
       0
       0
       0
       0
       0
       1
       1
       1
       0
       0
       2
       0
       1
       0
       0
       0
       0
       0
       0
       0
       0
       0
       0
       0
       1
       0
       0
       0
       0
       0
       0
       0
       0
       0
       1
       0
       0
       0
       2
       0
       0
       0
       0
       0
       0
       0
       1
       0
       0
       1
       0
       0
       0
       0
       0
       0
       1
       0
       0
       1
       2
       1
       0
       0
       0
       0
       0
       0
       1
       1
       1
       0
       2
       0
       1
       0
       1
       0
       0
       0
       1
       0
       0
       0
       0
       1
       2
       1
       0
       2
       1
       1
       2
       2
       1
       3
       0
       1
       2
       0
       0
       1
       2
       3
       0
       0
       0
       0
       0
       1
       0
       3
       3
       2
       0
       2
       1
       1
       3
       0
       0
       0
       0
       0
       1
       0
       0
       2
       0
       3
       0
       0
       0
       0
       0
       0
       0
       0
       0
       1
       0
       0
       1
       0
       0
       0
       1
       0
       1
       0
       0
       0
       1
       0
       0
       0
       0
       0
       0
       1
       0
       0
       2
       0
       0
       0
       0
       0
       0
       0
       0
       0
       0
       1
       0
       1
       1
       0
       0
       1
       0
       0
       0
       1
       0
       0
       0
       0
       0
       1
       0
       0
       0
       0
       0
       0
       1
       1
       0
       1
       0
       0
       0
       0
       0
       1
       0
       0
       0
       0
       1
       0
       1
       0
       0
       0
       1
       0
       0
       1
       1
       0
       0
       0
       0
       1
       0
       0
       0
       0
       0
       0
       0
       0
       0
       0
       0
       0
       1
       0
       0
       0
       0
       0
       0
       0
       0
       0
       0
       0
       0
       0
       0
       0
       0
       0
       0
       0
       0
       0
       0
       0
       0
       0
       0
       0
       0
       0
       0
       0
       0
       0
       0
       0
       0
       0
       0
       0
       0
       0
       0
       0
       0
       0
       0
       0
       0
       0
       0
       0
       0
       0
       0
       0
       0
       0
       0
       0
       0
       0
       0
       0
       0
       0
       0
       0
       0
       0
       0
       0
       0
       0
       0
       0
       0
       0
       0
       0
       0
       0
       0
       0
       1
       0
       0
       0
       0
       0
       0
       0
       0
       0
       0
       0
       0
       0
       0
       0
       0
       0
       0
       0
       0
       0
       0
       0
       0
       0
       0
       0
       0
       0
       0
       0
       0
       0
       0
       0
       0
       0
       0
       0
       0
       0
       0
       0
       0
       0
       0
       0
       0
       0
       0
       0
       0
       0
       0
       0
       0
       0
       0
       0
       0
       0
       0
       0
       0
       0
       0
       0
       0
       0
       0
       1
       0
       0
       0
       0
       0
       0
       0
       0
       0
       1
       0
       0
       0
       0
       0
       0
       0
       0
       0
       0
       0
       0
       0
       0
       0
       0
       0
       0
       0
       0
       0
       0
       0
       0
       0
       0
       1
       0
       0
       0
       0
       0
       0
       0
       0
       0
       0
       0
       0
       0
       0
       0
       0
       0
       0
       0
       0
       0
       0
       0
       0
       2
       0
       0
       0
       0
       0
       0
       0
       0
       0
       0
       0
       0
       0
       0
       0
       0
       0
       0
       0
       0
       0
       0
       0
       0
       0
       0
       0
       0
       0
       0
       0
       0
       1
       0
       0
       0
       0
       0
       0
       0
       0
       0
       0
       0
       0
       0
       0
       0
       0
       0
       0
       0
       0
       0
       0
       0
       0
       0
       0
       0
       0
       0
       0
       0
       0
       0
       0
       0
       0
       0
       0
       0
       0
       0
       0
       0
       0
       0
       0
       0
       0
       0
       0
       0
       0
       0
       0
       0
       0
       0
       0
       0
       0
       0
       0
       0
       0
       0
       0
       0
       0
       0
       0
       0
       0
       0
       0
       0
       0
       0
       0
       0
       0
       0
       0
       0
       0
       0
       0
       0
       0
       0
       0
       0
       0
       0
       0
       0
       0
       0
       0
       0
       0
       0
       0
       0
       0
       0
       0
       0
       0
       0
       0
       0
       0
       0
       0
       0
       0
       0
       0
       0
       0
       0
       0
       0
       0
       0
       0
       0
       0
       0
       0
       0
       0
       0
       0
       0
$ROI:
5
471 536
564 647
763 844
1001 1090
1573 1669
$PRESETS:
Real Time
60
0
$ENER_FIT:
-20.212013 1.714672
$MCA_CAL:
3
-2.021201E+001 1.714672E+000 4.288640E-006 keV
$SHAPE_CAL:
3
1.158210E+001 3.853783E-002 -7.560620E-006
