$SPEC_ID:
This is spectrum 021
$SPEC_REM:
DET# 1
DETDESC# CK155-04 Easy-MCA-2k SN 12292282
AP# Maestro Version 7.01
$DATE_MEA:
02/17/2022 13:41:41
$MEAS_TIM:
59 60
$DATA:
0 2047
       0
       0
       0
       0
       0
       0
       0
       0
       0
       0
       0
       0
       0
       1
      18
      27
      21
      25
      35
      31
      36
      35
      37
      29
      31
      35
      32
      43
      30
      42
      47
      36
      34
      50
      48
      43
      47
      62
      64
      58
      70
      72
      85
      79
      86
      86
      90
     113
     109
     121
     117
     115
     142
     113
     118
     138
     141
     124
     132
     138
     147
     176
     150
     142
     140
     160
     149
     148
     128
     170
     165
     168
     151
     148
     171
     161
     131
     133
     151
     161
     139
     164
     148
     156
     148
     121
     141
     140
     130
     119
     159
     141
     131
     134
     135
     150
     132
     118
     135
     118
     116
     123
     120
     120
     120
     121
     115
     131
     113
     111
     111
     103
     124
     111
      89
     108
      87
      86
     124
      87
     107
      79
     117
      86
     105
     109
     105
      89
      89
      93
      89
      98
      87
      86
      75
      88
      85
      89
      77
      93
      67
      97
      83
      76
      83
      79
      85
      64
      95
      55
      87
      63
      75
      70
      65
      67
      68
      54
      60
      51
      54
      62
      65
      52
      71
      50
      70
      44
      48
      42
      58
      50
      48
      44
      52
      50
      52
      43
      55
      46
      35
      36
      56
      35
      54
      51
      48
      45
      38
      33
      41
      45
      39
      51
      35
      38
      49
      32
      35
      40
      43
      33
      35
      29
      38
      32
      37
      30
      35
      24
      30
      34
      41
      41
      39
      38
      28
      35
      32
      34
      24
      32
      27
      38
      21
      39
      29
      34
      25
      34
      23
      27
      29
      20
      22
      17
      25
      37
      25
      24
      20
      28
      16
      23
      19
      16
      21
      25
      23
      18
      26
      20
      26
      17
      28
      15
      16
      18
      21
      22
      13
      21
      27
      22
      26
      23
      15
      11
      20
      22
      15
      16
      15
      12
      22
      14
      15
       8
      13
      23
      16
      22
      22
      15
      17
      12
      13
      23
      11
      16
      14
      20
      14
      15
      16
      21
      23
      26
      23
      11
      17
      21
      17
      26
      20
      21
      16
      28
      17
      16
      15
      18
      22
      13
      15
      16
      22
      18
      18
      13
      19
      13
      16
      22
      15
      15
      19
       9
      15
      10
      12
      17
      15
      15
      14
      16
      14
      16
      13
      11
      13
      10
      19
      20
      15
      25
      17
      18
      15
      18
      16
      13
      13
       6
      17
      18
      10
      12
      13
      14
      13
       8
       7
       8
      21
      17
      18
      14
      10
      16
      11
       7
      17
      20
       8
      12
      16
      14
      16
      15
      19
      13
       9
      13
       8
       7
      15
      11
      14
      10
       7
       9
      11
      11
      11
      12
       7
       9
       3
      20
       8
      10
       6
       7
      11
      10
      15
      12
       6
       9
       5
       7
       6
      11
       6
      10
       2
      14
      13
       9
       6
      10
       9
       7
      11
       6
       6
      12
       7
       8
       6
       9
      11
      10
       7
       9
       4
       7
       8
       7
       5
       4
       9
      10
       4
      11
       5
       9
       4
       9
       5
       7
       8
       9
       7
       8
       3
       6
       4
       7
       6
      10
       8
       5
       7
      10
       7
       6
       7
       9
       8
       6
       8
       4
      13
       9
       5
       9
      13
       6
       5
      12
       8
       7
       8
      12
      11
       9
       9
      11
       7
       9
      15
      13
      13
      16
      16
      22
      12
      11
      16
      12
      16
       9
      14
      16
      14
      12
      18
      22
      13
      20
      19
      12
      19
      13
      10
      14
      17
       8
       7
      10
       4
      12
      13
       5
       9
       5
       6
       5
       6
       8
       5
       7
      10
       5
      12
      12
       8
       6
       5
      11
      11
       7
      11
       3
      14
       1
       5
       7
      10
       5
       7
       6
       1
       7
       5
       5
       4
       4
       3
       8
       8
       6
       6
       4
       5
       3
       6
       7
       9
       4
       8
       1
       7
       5
      10
       3
       3
       8
       6
       8
       8
       5
       9
       7
       6
       7
       8
       6
       3
       8
       2
       3
       9
       4
       5
      12
       7
       6
       9
       5
       8
       8
       9
       3
       3
       9
       5
       5
       2
       2
      10
       6
      10
       8
      10
       5
       4
       3
       4
       5
       3
       6
       6
       7
       3
       5
       5
       2
       5
       0
       5
       4
       3
       5
       2
       3
       4
       6
       3
       1
       4
       3
       5
       5
       4
       5
       4
       6
       3
       7
       3
       6
       4
       4
       7
       0
       3
       1
       5
       4
       2
       5
       2
       3
       3
       7
       3
       4
       5
       8
       4
       1
       3
       2
       6
       3
       7
       3
       5
       6
       3
       6
       3
       7
       5
       4
       4
       6
       3
       3
       3
       6
       3
       4
       5
       2
       5
       0
       5
       4
       2
       2
       2
       2
       4
       6
       1
       3
       3
       0
       4
       3
       1
       5
       3
       1
       3
       5
       4
       4
       6
       0
       5
       3
       5
       5
       3
       2
       5
       3
       4
       1
       3
       4
       3
       1
       4
       2
       5
       4
       5
       4
       2
       3
       2
       1
       3
       2
       2
       5
       2
       4
       7
       2
       2
       4
       5
       4
       2
       1
       1
       3
       2
       2
       1
       0
       1
       2
       1
       3
       1
       1
       4
       2
       5
       1
       1
       3
       1
       6
       1
       3
       2
       0
       4
       2
       2
       1
       4
       0
       1
       1
       3
       5
       4
       2
       2
       6
       2
       2
       7
       2
       3
       2
       4
       4
       5
       5
       4
       3
       6
       2
       4
       2
       3
       3
       3
       2
       3
       0
       6
       4
       1
       5
       5
       2
       2
       2
       2
       3
       7
       2
       5
       5
       3
       4
       6
       8
       7
       7
       2
       3
       4
       7
       6
       7
       4
      11
       5
      13
       6
       9
      11
       5
       6
       5
       9
      11
       4
      10
       5
      11
      13
       9
      10
       5
       9
       6
       9
       7
       9
       7
       7
       2
       7
       3
       6
       8
       2
       7
       9
       7
       4
       4
       0
       5
       1
       2
       5
       2
       5
       3
       1
       1
       3
       0
       1
       1
       1
       2
       2
       1
       3
       3
       0
       1
       4
       2
       3
       3
       2
       0
       0
       0
       0
       2
       2
       0
       2
       1
       2
       0
       0
       1
       1
       2
       0
       0
       1
       2
       0
       0
       0
       2
       0
       2
       1
       1
       0
       2
       0
       1
       0
       2
       1
       1
       0
       0
       3
       1
       0
       1
       0
       2
       0
       1
       0
       1
       2
       2
       1
       2
       0
       1
       1
       0
       1
       1
       2
       2
       1
       2
       1
       2
       1
       1
       0
       1
       1
       3
       2
       1
       0
       0
       0
       2
       1
       1
       2
       0
       1
       0
       0
       0
       0
       0
       1
       1
       0
       0
       1
       0
       0
       0
       1
       0
       1
       1
       0
       2
       0
       1
       0
       2
       1
       1
       1
       2
       0
       3
       0
       2
       2
       2
       1
       1
       1
       1
       1
       1
       1
       1
       1
       1
       1
       2
       1
       2
       2
       0
       4
       3
       0
       0
       3
       1
       1
       4
       1
       0
       1
       0
       1
       2
       0
       3
       1
       3
       0
       4
       1
       1
       1
       2
       3
       0
       1
       0
       1
       1
       0
       0
       1
       1
       1
       0
       1
       1
       2
       4
       0
       0
       3
       1
       3
       0
       1
       3
       0
       0
       0
       0
       1
       1
       1
       0
       0
       0
       2
       0
       0
       0
       0
       3
       0
       0
       1
       1
       1
       2
       1
       1
       0
       1
       0
       0
       0
       1
       0
       1
       0
       1
       0
       1
       0
       2
       0
       1
       0
       0
       0
       0
       1
       0
       1
       0
       0
       1
       0
       0
       0
       0
       1
       0
       0
       1
       0
       0
       0
       0
       0
       0
       0
       1
       0
       1
       0
       0
       0
       0
       0
       0
       0
       0
       0
       1
       0
       0
       1
       1
       1
       0
       0
       0
       0
       0
       0
       0
       0
       0
       0
       1
       0
       0
       2
       0
       1
       1
       0
       0
       0
       1
       0
       0
       0
       0
       0
       1
       0
       1
       1
       1
       3
       0
       1
       2
       1
       0
       1
       0
       1
       0
       1
       0
       3
       0
       0
       1
       1
       0
       3
       1
       0
       0
       0
       0
       0
       1
       0
       2
       1
       0
       0
       0
       0
       1
       3
       0
       1
       1
       1
       0
       1
       0
       2
       0
       1
       0
       0
       1
       1
       1
       2
       0
       0
       1
       0
       0
       0
       1
       0
       0
       0
       0
       2
       1
       0
       0
       0
       0
       2
       3
       2
       1
       0
       0
       0
       1
       4
       0
       0
       1
       0
       2
       2
       1
       0
       0
       0
       0
       1
       0
       1
       1
       2
       0
       1
       0
       1
       1
       0
       0
       0
       0
       1
       0
       0
       1
       0
       3
       0
       0
       1
       1
       1
       0
       1
       0
       0
       0
       1
       2
       0
       1
       0
       0
       0
       0
       0
       1
       1
       1
       0
       0
       0
       0
       1
       0
       1
       0
       1
       0
       0
       0
       0
       0
       2
       1
       1
       1
       1
       1
       0
       1
       3
       0
       1
       0
       1
       0
       1
       1
       0
       0
       0
       0
       0
       0
       0
       0
       0
       0
       2
       0
       1
       0
       2
       0
       1
       1
       0
       0
       1
       0
       0
       0
       0
       0
       0
       0
       0
       2
       0
       0
       0
       0
       0
       0
       1
       0
       1
       3
       0
       0
       0
       1
       1
       0
       2
       0
       0
       0
       0
       0
       1
       1
       0
       0
       0
       0
       0
       0
       0
       0
       0
       0
       1
       0
       0
       1
       0
       1
       0
       0
       0
       1
       1
       0
       0
       0
       0
       0
       0
       0
       0
       0
       0
       0
       1
       0
       0
       1
       0
       0
       1
       0
       0
       1
       0
       0
       0
       0
       1
       0
       0
       0
       0
       0
       1
       0
       0
       0
       0
       0
       0
       0
       2
       0
       0
       0
       0
       1
       0
       0
       2
       0
       0
       1
       1
       0
       0
       0
       0
       1
       0
       0
       0
       0
       1
       1
       0
       0
       0
       1
       0
       0
       0
       1
       1
       0
       0
       1
       0
       0
       0
       1
       1
       1
       0
       2
       0
       0
       1
       1
       0
       1
       2
       2
       0
       1
       2
       2
       0
       0
       1
       0
       2
       0
       1
       3
       1
       3
       1
       1
       1
       0
       1
       4
       0
       2
       2
       1
       1
       0
       1
       0
       0
       1
       0
       0
       1
       1
       0
       1
       1
       0
       0
       0
       0
       0
       1
       0
       0
       1
       0
       0
       0
       1
       0
       0
       0
       1
       1
       0
       0
       0
       0
       1
       0
       0
       1
       0
       1
       0
       0
       0
       1
       0
       0
       0
       1
       1
       1
       0
       1
       0
       1
       0
       0
       1
       0
       0
       0
       0
       0
       0
       0
       0
       1
       0
       0
       1
       0
       0
       0
       0
       0
       1
       0
       0
       0
       0
       0
       0
       0
       0
       0
       1
       1
       1
       0
       1
       0
       0
       0
       0
       0
       0
       1
       0
       0
       0
       0
       0
       0
       0
       0
       0
       0
       1
       0
       1
       0
       0
       0
       0
       0
       0
       0
       0
       0
       0
       0
       0
       0
       0
       0
       1
       0
       0
       1
       0
       0
       0
       0
       0
       0
       0
       0
       0
       0
       0
       0
       0
       0
       0
       0
       0
       0
       0
       0
       0
       0
       0
       0
       0
       0
       0
       0
       0
       0
       0
       0
       0
       0
       0
       1
       0
       0
       0
       0
       1
       0
       0
       0
       0
       0
       0
       0
       0
       0
       0
       0
       0
       0
       0
       0
       0
       0
       0
       0
       0
       0
       0
       0
       0
       0
       0
       0
       0
       0
       0
       0
       0
       0
       0
       0
       0
       0
       0
       0
       0
       0
       0
       0
       0
       0
       0
       0
       0
       0
       0
       0
       0
       1
       0
       1
       0
       0
       0
       0
       0
       0
       0
       0
       0
       0
       0
       0
       0
       0
       0
       0
       0
       0
       0
       0
       0
       0
       0
       0
       0
       0
       0
       0
       0
       0
       0
       0
       0
       0
       0
       0
       0
       0
       0
       0
       0
       1
       0
       0
       0
       0
       0
       0
       0
       0
       0
       0
       0
       0
       0
       0
       0
       0
       0
       0
       0
       0
       0
       0
       0
       0
       0
       0
       0
       0
       0
       0
       0
       0
       0
       0
       0
       0
       0
       0
       0
       0
       0
       0
       0
       0
       0
       0
       0
       0
       0
       1
       0
       0
       0
       0
       0
       0
       0
       0
       0
       0
       0
       0
       0
       0
       0
       0
       0
       0
       0
       0
       1
       0
       0
       0
       0
       0
       0
       0
       0
       0
       0
       0
       0
       0
       0
       0
       0
       0
       0
       0
       0
       0
       0
       0
       0
       0
       0
       0
       0
       0
       0
       0
       0
       1
       0
       0
       1
       0
       0
       0
       0
       0
       0
       0
       0
       0
       0
       0
       0
       0
       0
       0
       0
       0
       0
       0
       0
       0
       0
       0
       0
       0
       0
       0
       0
       0
       0
       0
       0
       0
       0
       0
       0
       0
       0
       0
       0
       0
       0
       0
       0
       0
       0
       0
       0
       0
       0
       0
       0
       0
       0
       0
       0
       0
       0
       0
       0
       0
       0
       0
       0
       0
       0
       0
       0
       0
       0
       0
       0
       0
       0
       0
       0
       0
       0
       0
       0
       0
       0
       0
       0
       0
       0
       0
       0
       0
       0
       0
       0
       0
       0
       0
       0
       0
       0
       0
       0
       0
       0
       0
       0
       0
       0
       0
       0
       0
       0
       0
       0
       0
       0
       0
       0
       0
       0
       0
       0
$ROI:
5
471 536
564 647
763 844
1001 1090
1573 1669
$PRESETS:
Real Time
60
0
$ENER_FIT:
-20.212013 1.714672
$MCA_CAL:
3
-2.021201E+001 1.714672E+000 4.288640E-006 keV
$SHAPE_CAL:
3
1.158210E+001 3.853783E-002 -7.560620E-006
