$SPEC_ID:
This is spectrum 029
$SPEC_REM:
DET# 1
DETDESC# CK155-04 Easy-MCA-2k SN 12292282
AP# Maestro Version 7.01
$DATE_MEA:
02/17/2022 13:49:52
$MEAS_TIM:
59 60
$DATA:
0 2047
       0
       0
       0
       0
       0
       0
       0
       0
       0
       0
       0
       0
       0
       1
      22
      23
      26
      24
      27
      27
      33
      29
      34
      33
      32
      36
      39
      38
      37
      44
      42
      36
      42
      41
      56
      42
      63
      60
      51
      62
      72
      67
      73
      79
      88
      89
     102
      90
     113
     120
     105
      93
     105
     129
     125
     122
     118
     137
     153
     156
     170
     155
     162
     163
     148
     140
     145
     148
     143
     137
     166
     158
     144
     165
     141
     138
     144
     146
     153
     156
     162
     134
     140
     140
     150
     133
     140
     155
     144
     135
     141
     131
     133
     147
     120
     135
     115
     149
     112
     113
     126
     134
     108
     121
      97
     110
     122
     101
     102
      90
      93
     111
     113
     110
      97
     101
     114
     101
     103
      88
     100
     105
     100
     106
      79
      88
      98
      96
      70
      91
      74
      97
      88
      77
      68
      82
      81
      94
      84
      86
      76
      80
      73
      79
      79
      71
      53
      68
      74
      62
      67
      72
      83
      76
      62
      65
      63
      52
      52
      60
      62
      55
      70
      55
      47
      53
      52
      62
      61
      40
      51
      40
      46
      45
      47
      38
      59
      41
      50
      54
      47
      44
      46
      45
      44
      37
      40
      35
      40
      45
      38
      42
      41
      32
      39
      34
      39
      41
      32
      33
      31
      41
      35
      39
      33
      25
      36
      30
      30
      47
      35
      25
      34
      39
      37
      32
      33
      28
      37
      29
      38
      21
      25
      32
      31
      30
      21
      16
      23
      29
      28
      31
      17
      28
      25
      29
      23
      29
      26
      26
      25
      19
      28
      29
      17
      22
      22
      23
      22
      25
      27
      23
      30
      21
      15
      17
      16
      12
      27
      17
      22
      19
      25
      17
      19
      18
      24
      12
      16
      18
      17
      14
      15
      17
      17
      26
      18
      14
      28
      19
      12
      15
      19
      19
       8
      13
      13
      17
      16
      12
      22
      18
      18
      21
      20
      14
      14
      17
      17
      19
      23
      18
      18
      17
      16
      21
      21
      21
      18
      19
      12
      20
      16
      20
      16
      17
      14
      14
      12
      17
      11
      14
      20
      19
      17
       9
      12
      17
      16
      15
      18
      17
      10
      13
      23
      16
      13
      13
       6
      17
      18
      17
       7
      14
       8
      20
      19
      19
       6
      10
       9
      16
      12
      21
      10
      21
      13
      14
      17
       8
       8
      10
       9
      15
      16
      10
      10
       6
      11
      11
      11
      21
      21
      14
      12
      16
      13
       8
      11
       9
      13
      13
      11
       8
      17
      13
       7
       8
      11
       5
      12
       6
      15
       8
      10
      14
       2
       6
       9
      12
       6
       9
       8
      14
       7
      11
      11
       9
      11
       7
       6
       9
       3
      10
       7
       7
       4
      10
       2
       6
       7
      10
       6
      12
       5
      11
       6
       9
       7
      10
       9
       5
       6
       6
       7
       5
       9
      17
       9
      12
      12
      14
       5
       6
       9
       7
       5
       9
       6
      10
      13
       4
       7
       6
      11
       4
       9
       4
       6
      10
       7
       9
       9
       5
       3
       5
      11
       7
       8
       8
       4
      10
       7
      12
       4
       8
       7
       4
       9
       8
       7
       8
       9
      12
       5
      11
       8
      15
       8
      10
       8
      13
       8
      14
      17
       9
      10
      19
       9
       9
      14
       8
      10
       7
      20
      15
      12
      14
      12
       8
       8
      10
       9
      10
      13
       7
      12
      12
       3
       9
       8
       9
      11
       6
       7
       6
       8
       3
       8
       6
      10
       7
      10
       4
       2
      10
      10
       7
       1
       3
       7
       7
       8
      11
      10
       8
       2
       6
      11
       7
       7
       5
       5
      10
       7
       5
       4
       3
       3
       7
       3
       6
       7
       7
       7
       4
       7
       6
       9
       5
      11
       0
       6
       2
       7
       7
       5
      11
       7
       6
       8
      12
       6
       7
       6
       4
       7
       4
       3
       6
       6
       6
       4
       4
      13
       7
       5
       8
       7
       6
       3
       4
       4
       5
       1
      11
       6
       6
       3
       6
       2
       6
       3
       3
       2
       5
       3
       6
       5
       6
       2
       2
       7
       2
       6
       6
       4
       4
       7
       4
       2
       9
       3
       3
       3
       2
       6
       5
       3
       3
       2
       7
       3
       9
       2
       7
       4
       3
       2
       4
       6
       8
       3
       4
       5
       1
       7
       4
       3
       6
       5
       2
       6
       2
       3
       3
       8
       6
       3
       3
      11
       2
       3
       5
       4
       5
       3
      11
       6
       4
       4
       1
       2
       3
       3
       3
       2
       5
       5
       5
       3
       7
       7
       3
       8
       3
       6
      10
       3
       1
       6
       3
       1
       4
       3
       2
       2
       3
       7
       4
       3
       2
       4
       3
       2
       3
       4
       4
       7
       3
       2
       4
       3
       5
       7
       6
       1
       4
       2
       4
       2
       3
       5
       5
       7
       4
       3
       0
       2
       3
       3
       1
       3
       4
       4
       1
       1
       2
       1
       2
       3
       1
       1
       1
       4
       0
       6
       1
       4
       4
       1
       3
       5
       1
       1
       0
       1
       4
       1
       1
       1
       1
       2
       4
       3
       4
       1
       4
       4
       1
       2
       4
       2
       2
       2
       2
       5
       3
       3
       1
       2
       5
       0
       3
       2
       4
       2
       4
       5
       1
       5
       3
       2
       4
       2
       1
       5
       3
       4
       2
       1
       2
       0
       4
       5
       4
       5
       4
       2
       2
       4
       3
       1
       1
       3
       0
       3
       5
       2
       5
       4
       3
       1
       7
       4
       3
       2
       6
       1
       5
       6
       5
       6
       5
       7
       7
       7
       4
       9
       3
       6
       8
       3
       7
       9
       9
       9
       7
      10
       8
       5
       5
       7
       7
       8
      10
       4
      16
       7
       5
      10
       7
      12
      10
      13
       8
       9
       2
       3
       3
       5
       2
       2
       5
       5
       5
       2
       2
       6
       3
       3
       2
       2
       2
       2
       1
       1
       2
       1
       2
       1
       1
       0
       3
       1
       1
       1
       0
       2
       0
       0
       3
       1
       1
       0
       0
       2
       0
       1
       0
       2
       1
       1
       3
       0
       2
       0
       1
       0
       0
       0
       2
       0
       0
       2
       2
       1
       2
       0
       1
       1
       1
       1
       0
       1
       2
       1
       0
       0
       0
       2
       1
       2
       4
       0
       0
       0
       2
       1
       1
       0
       0
       1
       2
       1
       0
       1
       1
       2
       1
       0
       2
       1
       1
       1
       1
       0
       0
       0
       1
       0
       1
       1
       3
       1
       1
       0
       0
       2
       0
       1
       0
       0
       0
       2
       2
       0
       0
       2
       0
       1
       2
       1
       1
       1
       2
       1
       1
       0
       1
       0
       0
       0
       2
       1
       0
       2
       0
       0
       1
       0
       0
       0
       1
       0
       2
       1
       0
       2
       0
       2
       2
       0
       2
       0
       1
       1
       2
       1
       0
       0
       0
       1
       1
       0
       1
       1
       2
       0
       1
       1
       2
       0
       1
       1
       2
       1
       3
       1
       1
       1
       1
       0
       2
       2
       3
       0
       0
       0
       0
       1
       0
       1
       0
       1
       2
       2
       0
       1
       1
       1
       1
       3
       1
       3
       0
       1
       0
       0
       0
       1
       0
       1
       0
       0
       0
       0
       3
       2
       1
       1
       0
       0
       1
       0
       0
       0
       0
       0
       0
       1
       0
       0
       1
       0
       0
       2
       0
       0
       1
       0
       1
       0
       2
       0
       0
       1
       0
       0
       0
       0
       0
       0
       0
       0
       1
       1
       0
       0
       0
       0
       0
       1
       0
       1
       2
       0
       1
       0
       0
       0
       0
       2
       1
       0
       1
       1
       0
       0
       0
       0
       0
       1
       1
       0
       2
       0
       1
       0
       0
       1
       0
       0
       1
       0
       0
       1
       0
       1
       1
       0
       1
       0
       0
       1
       0
       0
       0
       0
       2
       0
       0
       2
       0
       0
       1
       0
       0
       0
       1
       0
       0
       0
       0
       0
       0
       1
       0
       0
       0
       0
       0
       0
       1
       2
       0
       2
       0
       0
       1
       1
       0
       1
       0
       0
       0
       0
       2
       0
       1
       1
       1
       0
       1
       0
       1
       0
       3
       0
       0
       0
       0
       0
       0
       0
       0
       1
       0
       2
       1
       1
       1
       0
       0
       0
       0
       1
       0
       0
       0
       1
       1
       0
       1
       1
       2
       0
       0
       1
       0
       0
       1
       2
       0
       0
       1
       0
       0
       1
       0
       1
       0
       0
       0
       0
       0
       0
       1
       2
       1
       1
       0
       2
       0
       1
       1
       1
       0
       0
       0
       0
       1
       1
       0
       2
       0
       2
       1
       0
       1
       0
       1
       2
       0
       1
       2
       1
       1
       2
       1
       0
       0
       1
       2
       1
       0
       1
       0
       0
       0
       0
       1
       0
       1
       0
       0
       0
       0
       0
       1
       1
       0
       0
       1
       0
       1
       0
       1
       0
       1
       2
       1
       2
       0
       0
       0
       2
       0
       0
       0
       0
       0
       0
       0
       0
       0
       1
       0
       2
       2
       0
       0
       1
       1
       0
       1
       1
       1
       0
       0
       0
       0
       0
       0
       0
       1
       1
       1
       0
       0
       0
       0
       1
       0
       0
       0
       0
       0
       2
       0
       0
       0
       0
       0
       0
       0
       0
       0
       0
       1
       1
       0
       0
       0
       1
       1
       0
       0
       0
       1
       0
       1
       0
       1
       0
       1
       1
       0
       0
       0
       0
       0
       2
       0
       0
       0
       0
       0
       0
       1
       1
       0
       0
       0
       0
       1
       0
       0
       0
       0
       0
       0
       1
       0
       0
       0
       0
       0
       0
       0
       0
       0
       0
       2
       0
       0
       0
       0
       0
       0
       1
       1
       1
       0
       0
       0
       1
       0
       0
       0
       0
       0
       0
       1
       0
       0
       0
       0
       1
       0
       1
       0
       0
       1
       0
       0
       1
       1
       0
       0
       0
       1
       0
       0
       1
       0
       3
       0
       2
       0
       1
       0
       1
       0
       0
       0
       0
       1
       1
       2
       0
       2
       0
       0
       0
       0
       0
       3
       0
       1
       1
       0
       0
       2
       4
       0
       0
       1
       2
       3
       1
       2
       2
       2
       2
       0
       2
       0
       3
       0
       2
       1
       0
       0
       2
       0
       1
       1
       2
       1
       0
       0
       0
       0
       0
       0
       1
       0
       0
       1
       0
       2
       0
       0
       0
       0
       0
       0
       1
       1
       0
       0
       0
       0
       0
       0
       0
       0
       0
       1
       0
       0
       0
       0
       0
       0
       0
       0
       0
       0
       0
       0
       0
       0
       0
       0
       0
       1
       0
       0
       0
       0
       1
       0
       0
       0
       0
       0
       2
       1
       0
       0
       1
       0
       0
       0
       0
       0
       1
       0
       0
       0
       0
       0
       2
       0
       0
       0
       2
       0
       0
       1
       0
       0
       0
       0
       0
       0
       0
       0
       1
       0
       0
       0
       0
       0
       0
       0
       0
       0
       0
       0
       0
       0
       0
       0
       0
       0
       1
       0
       0
       0
       0
       0
       0
       0
       0
       0
       0
       0
       1
       0
       0
       0
       0
       0
       0
       1
       0
       0
       0
       0
       0
       0
       0
       0
       0
       0
       0
       0
       0
       0
       0
       0
       0
       0
       0
       0
       0
       0
       0
       0
       0
       0
       0
       0
       0
       0
       0
       0
       0
       0
       0
       0
       0
       0
       0
       0
       0
       0
       0
       0
       0
       0
       0
       0
       0
       0
       0
       0
       0
       0
       0
       0
       0
       0
       0
       0
       0
       0
       0
       0
       0
       0
       0
       0
       0
       0
       1
       0
       0
       0
       0
       0
       0
       0
       0
       0
       0
       0
       0
       0
       0
       0
       0
       0
       0
       0
       0
       0
       0
       0
       0
       0
       0
       0
       0
       0
       0
       0
       0
       0
       0
       0
       0
       0
       0
       0
       0
       0
       0
       0
       0
       0
       0
       0
       0
       0
       0
       0
       0
       0
       0
       0
       0
       0
       0
       0
       0
       0
       0
       0
       0
       0
       0
       1
       0
       0
       0
       0
       1
       0
       0
       0
       0
       0
       0
       0
       0
       0
       0
       0
       0
       0
       0
       0
       0
       0
       0
       0
       0
       0
       0
       0
       0
       0
       0
       0
       0
       0
       0
       0
       0
       0
       0
       0
       1
       0
       0
       0
       0
       0
       0
       0
       0
       0
       0
       1
       0
       0
       0
       0
       1
       0
       0
       0
       0
       0
       0
       0
       0
       0
       0
       0
       1
       0
       0
       0
       1
       0
       0
       0
       0
       0
       0
       0
       0
       0
       0
       0
       0
       0
       1
       0
       0
       0
       0
       0
       0
       0
       0
       0
       0
       0
       0
       0
       0
       0
       0
       0
       0
       1
       0
       1
       0
       0
       0
       0
       0
       0
       0
       0
       0
       0
       0
       0
       0
       0
       0
       0
       0
       0
       0
       0
       0
       0
       0
       0
       0
       0
       0
       0
       0
       0
       0
       0
       0
       0
       0
       0
       0
       0
       0
       0
       0
       0
       0
       0
       0
       0
       0
       0
       0
       0
       0
       0
       0
       0
       0
       0
       0
       0
       0
       0
       0
       0
       0
       0
       0
       0
       0
       0
       0
       0
       0
       0
       0
       0
       0
       0
       0
       0
       0
       0
       0
       0
       0
       0
       0
       0
       0
       0
       0
       0
       0
       0
       0
       0
       0
       0
       0
       0
       0
       0
       0
       0
       0
       0
       0
       0
       0
       0
       0
       0
       0
       0
       0
       0
$ROI:
5
471 536
564 647
763 844
1001 1090
1573 1669
$PRESETS:
Real Time
60
0
$ENER_FIT:
-20.212013 1.714672
$MCA_CAL:
3
-2.021201E+001 1.714672E+000 4.288640E-006 keV
$SHAPE_CAL:
3
1.158210E+001 3.853783E-002 -7.560620E-006
