$SPEC_ID:
This is spectrum 009
$SPEC_REM:
DET# 1
DETDESC# CK155-04 Easy-MCA-2k SN 12292282
AP# Maestro Version 7.01
$DATE_MEA:
02/17/2022 13:29:25
$MEAS_TIM:
59 60
$DATA:
0 2047
       0
       0
       0
       0
       0
       0
       0
       0
       0
       0
       0
       0
       0
       0
      22
      30
      26
      28
      22
      34
      37
      46
      28
      36
      43
      29
      38
      45
      43
      42
      57
      41
      55
      44
      49
      57
      54
      47
      64
      71
      85
      78
      71
      77
      96
      93
      98
     123
     111
     125
     108
     127
     118
     122
     136
     137
     155
     143
     154
     135
     151
     136
     141
     150
     139
     141
     139
     140
     143
     146
     161
     165
     152
     143
     167
     162
     168
     161
     160
     163
     155
     146
     153
     152
     131
     136
     142
     143
     146
     145
     152
     147
     136
     122
     127
     137
     140
     126
     120
     124
     129
     122
     111
     115
     131
     125
     119
     120
     115
     122
     118
     131
     102
     120
     109
      97
     133
     113
     105
     104
      84
     119
      95
     101
     109
      98
      97
      91
      87
      97
      82
      92
      85
      94
      90
      79
      96
      82
      88
      84
      76
      82
     118
      76
      85
      86
      65
      79
      81
      81
      77
      79
      77
      81
      88
      71
      67
      62
      68
      59
      77
      54
      64
      53
      69
      51
      55
      44
      55
      53
      45
      43
      57
      58
      49
      47
      48
      59
      63
      42
      50
      47
      53
      45
      39
      47
      53
      45
      43
      47
      44
      42
      37
      43
      39
      44
      59
      49
      39
      46
      35
      42
      39
      31
      38
      37
      34
      47
      35
      42
      35
      35
      44
      26
      34
      44
      34
      33
      36
      28
      36
      35
      35
      42
      35
      32
      22
      22
      27
      33
      27
      26
      27
      22
      31
      28
      27
      24
      17
      27
      24
      29
      32
      15
      24
      29
      15
      24
      29
      25
      17
      31
      22
      21
      17
      12
      20
      22
      17
      23
      24
      25
      29
      21
      20
      25
      25
      17
      27
      18
      26
      31
      27
      17
      28
      16
      14
      23
      24
      23
      23
      25
      30
      13
      26
      21
      23
      20
      21
      21
      17
      19
      26
      24
      15
      15
      22
      23
      33
      17
      20
      27
      20
      24
      20
      13
      29
      25
      18
      24
      14
      20
      24
      20
      18
      27
      25
      22
      16
      23
      14
      11
      24
      14
      11
      14
      14
      17
      18
      21
      15
      14
      16
      16
      17
      15
      18
      19
      20
      15
      10
      13
      21
      19
       8
      14
      16
      18
      17
      21
      19
      14
      21
      16
      19
      13
      18
      16
      16
      16
      13
      15
      11
       9
      20
      22
      24
      16
      14
      12
      15
      10
      11
      19
      11
      15
       9
      16
      18
       9
      14
       6
      14
      13
      17
      13
      15
      12
       9
      10
      16
      16
      13
      11
      14
       6
      12
      12
      11
       6
      12
      13
       5
      10
      13
       7
      11
      15
      13
      12
      10
       8
       6
      10
      10
      10
       6
       5
      21
      10
      10
       9
      11
      10
       9
      12
      11
       4
      10
      12
       9
       9
       7
       8
      17
       5
      11
      11
       8
      12
      12
       6
      11
       7
      11
      10
      14
      10
      14
       9
       6
      11
       8
       6
      13
       7
       7
       9
      14
      11
       7
       5
      11
       6
       5
       5
       9
       8
      10
       9
      14
       4
       6
       6
      17
       6
       6
      17
       5
       7
      13
      14
       9
      12
      16
       6
      18
      20
      10
      19
      19
      20
      19
      24
      22
      29
      28
      27
      21
      20
      20
      17
      30
      21
      29
      25
      29
      26
      24
      24
      15
      21
      16
      15
      13
      13
      17
      16
      22
      14
      18
      10
       9
      11
      11
      10
      10
       6
      10
      10
      10
      10
       5
       6
       6
       7
       8
       9
       7
       7
       8
      10
       5
       7
       7
       5
       4
       9
       8
       9
       7
       8
       6
       4
      11
       9
       4
       3
       3
       7
       9
       6
       4
       6
       7
       5
       8
       7
      10
       5
       8
      10
       8
       7
       5
      10
       1
       8
       7
       8
       7
       7
       7
       8
       8
       6
       3
       3
       7
       7
       6
      14
       8
      12
       7
      11
      10
       7
      13
      11
       6
      14
      10
       7
      12
       9
       8
      13
       9
      12
      12
      10
       8
       4
       6
      12
       7
       5
       5
       6
       4
       4
       9
       1
       3
       3
       4
       4
       5
       2
       2
       6
       1
       6
       2
       7
       6
       4
       3
       3
       6
       6
       4
       3
       9
       4
       4
       1
       2
       3
       1
       6
       2
       5
       5
       5
       3
       3
       7
       4
       4
       5
       2
       4
       4
       6
       6
       5
       5
       5
       3
       5
       7
       6
       8
       9
       7
      11
       4
       3
       6
       2
       4
       2
       6
       7
       3
       6
       4
       0
       4
       2
       2
       2
       4
       3
       7
       6
       3
       0
       4
       5
       4
       2
       6
       5
       5
       1
       5
       3
       4
       6
       5
       4
       4
       4
       1
       2
       2
       2
       3
       3
       6
       2
       1
       2
       9
       3
       6
       2
       2
       5
       2
       3
       4
       5
       3
       3
       3
       5
       3
       3
       2
       7
       2
       2
       4
       5
       3
       2
       4
       1
       4
       4
       3
       1
       3
       6
       4
       3
       3
       3
       2
       3
       2
       4
       3
       8
       3
       1
       2
       0
       2
       3
       6
       3
       3
       2
       6
       5
       5
       5
       3
       3
       2
       4
       4
       2
       2
       2
       3
       3
       2
       4
       3
       2
       7
       4
       7
       2
       5
       6
       3
       4
       6
       8
       3
       2
       3
       5
       4
       3
       3
       4
       5
       2
       2
       5
       6
       5
       7
       3
       7
       2
       2
       4
      12
       5
       5
       7
       3
       7
       3
       5
       5
       3
       4
       6
       4
       6
       2
       8
       2
       5
       6
       6
       8
       9
       4
       9
       5
      10
       4
      12
       7
       9
       8
      10
      12
      11
       8
      13
       6
      13
       6
      10
       8
       5
       9
      10
       5
       9
      11
       6
       6
      10
       8
       5
       6
       3
       5
       4
       7
       7
       5
       4
       3
       2
       2
       2
       6
       3
       4
       4
       3
       3
       4
       5
       2
       2
       2
       1
       1
       0
       0
       1
       1
       3
       2
       0
       1
       1
       1
       1
       1
       1
       1
       0
       2
       0
       0
       1
       0
       3
       0
       1
       1
       3
       1
       0
       2
       3
       1
       3
       1
       2
       0
       1
       0
       2
       3
       2
       0
       1
       1
       1
       2
       3
       3
       3
       2
       0
       0
       2
       3
       0
       3
       0
       1
       2
       0
       4
       0
       0
       1
       2
       0
       0
       1
       1
       0
       0
       1
       1
       0
       1
       2
       1
       0
       1
       0
       0
       0
       0
       1
       1
       0
       0
       1
       2
       0
       1
       0
       0
       1
       0
       0
       0
       0
       1
       2
       1
       1
       1
       1
       1
       3
       0
       0
       1
       4
       0
       1
       2
       2
       2
       0
       1
       1
       2
       2
       4
       2
       5
       2
       5
       2
       3
       8
       6
       6
       4
       4
       3
       3
       2
       2
       6
       6
       2
       3
       9
       6
       5
       5
       7
       5
       8
       7
       4
       4
       3
       2
       8
       2
       1
       1
       0
       4
       2
       8
       5
       2
       5
       2
       1
       4
       6
       2
       3
       2
       3
       1
       2
       1
       4
       3
       1
       2
       0
       2
       3
       1
       4
       2
       2
       1
       1
       2
       1
       3
       0
       0
       0
       1
       1
       0
       1
       0
       0
       2
       1
       1
       1
       1
       1
       0
       0
       0
       0
       2
       0
       0
       0
       0
       0
       0
       1
       1
       2
       1
       0
       0
       1
       1
       0
       0
       0
       0
       0
       0
       0
       0
       0
       0
       0
       0
       1
       0
       2
       1
       0
       0
       2
       2
       1
       1
       0
       1
       1
       0
       1
       0
       0
       0
       0
       0
       0
       0
       0
       2
       0
       0
       0
       0
       0
       3
       0
       1
       1
       2
       0
       0
       0
       0
       0
       2
       0
       0
       0
       1
       1
       0
       1
       0
       0
       0
       0
       0
       1
       1
       0
       1
       0
       0
       1
       1
       0
       1
       0
       0
       1
       1
       0
       0
       0
       1
       0
       0
       0
       2
       2
       2
       1
       1
       0
       0
       2
       0
       1
       1
       1
       0
       0
       1
       1
       0
       2
       1
       0
       0
       1
       0
       0
       2
       0
       1
       0
       3
       1
       0
       2
       1
       0
       0
       1
       0
       1
       3
       1
       2
       0
       0
       0
       1
       1
       0
       1
       0
       2
       0
       2
       2
       2
       2
       1
       1
       2
       3
       1
       0
       0
       3
       1
       0
       4
       1
       0
       0
       0
       1
       0
       1
       0
       1
       1
       2
       1
       1
       0
       1
       0
       1
       1
       0
       0
       0
       0
       3
       1
       0
       0
       1
       0
       0
       0
       2
       1
       0
       0
       3
       1
       1
       1
       0
       0
       1
       0
       1
       2
       0
       0
       1
       0
       2
       0
       1
       1
       2
       1
       0
       0
       0
       0
       0
       0
       0
       0
       0
       0
       0
       0
       0
       0
       0
       0
       2
       1
       0
       0
       1
       0
       1
       2
       1
       1
       1
       0
       1
       0
       1
       0
       0
       0
       3
       0
       1
       2
       0
       1
       1
       0
       0
       0
       1
       0
       0
       1
       0
       0
       2
       0
       0
       0
       0
       0
       0
       0
       0
       0
       1
       1
       1
       1
       0
       0
       0
       0
       0
       0
       0
       0
       0
       0
       0
       0
       1
       0
       0
       0
       0
       3
       0
       1
       0
       0
       0
       0
       0
       0
       1
       0
       0
       0
       0
       0
       0
       0
       1
       0
       0
       0
       0
       0
       1
       1
       0
       0
       1
       0
       1
       0
       0
       0
       0
       1
       0
       0
       0
       0
       0
       0
       0
       0
       0
       0
       0
       0
       0
       0
       0
       0
       1
       0
       0
       0
       0
       0
       0
       1
       1
       1
       0
       0
       0
       0
       1
       0
       0
       0
       0
       0
       0
       1
       1
       0
       0
       0
       1
       0
       0
       0
       0
       1
       0
       0
       1
       0
       0
       0
       1
       1
       0
       1
       1
       0
       0
       1
       0
       1
       0
       1
       1
       0
       1
       0
       2
       0
       0
       1
       1
       2
       0
       0
       0
       1
       2
       0
       0
       0
       2
       3
       2
       1
       1
       2
       0
       1
       1
       0
       1
       1
       0
       1
       1
       3
       1
       1
       1
       1
       1
       1
       2
       0
       1
       2
       1
       1
       0
       0
       1
       1
       0
       0
       0
       0
       0
       0
       0
       1
       1
       0
       1
       0
       0
       1
       0
       1
       1
       0
       0
       0
       0
       0
       1
       0
       1
       0
       0
       0
       0
       0
       1
       1
       0
       0
       1
       0
       1
       0
       0
       0
       0
       0
       0
       1
       0
       1
       0
       0
       0
       0
       1
       0
       0
       0
       0
       0
       0
       0
       1
       0
       0
       0
       0
       0
       1
       3
       1
       0
       0
       1
       1
       1
       0
       1
       1
       1
       0
       0
       0
       0
       0
       0
       0
       0
       0
       0
       1
       0
       0
       1
       0
       0
       0
       0
       0
       0
       1
       0
       0
       0
       0
       0
       0
       0
       0
       0
       0
       1
       0
       0
       0
       0
       0
       0
       0
       0
       0
       0
       0
       0
       0
       0
       0
       0
       0
       0
       0
       0
       0
       0
       0
       0
       0
       0
       0
       0
       0
       0
       0
       1
       0
       0
       0
       0
       0
       0
       0
       0
       0
       0
       0
       0
       0
       0
       0
       0
       0
       0
       0
       0
       0
       0
       0
       0
       0
       0
       0
       0
       0
       0
       0
       0
       0
       0
       0
       0
       0
       0
       1
       0
       0
       0
       0
       0
       0
       0
       0
       0
       0
       0
       0
       0
       0
       1
       0
       0
       0
       0
       0
       0
       0
       0
       0
       0
       0
       1
       0
       0
       0
       0
       0
       0
       0
       0
       0
       0
       0
       0
       0
       0
       0
       0
       0
       0
       0
       0
       0
       0
       0
       0
       0
       0
       0
       0
       0
       0
       0
       0
       0
       0
       0
       0
       0
       0
       0
       0
       0
       0
       0
       0
       0
       0
       0
       0
       0
       0
       0
       0
       0
       0
       0
       0
       0
       0
       0
       0
       0
       0
       0
       0
       0
       0
       0
       0
       0
       0
       0
       0
       0
       0
       0
       0
       0
       0
       0
       0
       0
       0
       0
       0
       0
       0
       0
       0
       0
       0
       0
       0
       0
       0
       0
       0
       0
       0
       0
       0
       0
       0
       0
       0
       0
       0
       0
       0
       0
       0
       0
       0
       0
       0
       0
       0
       0
       0
       0
       0
       0
       0
       0
       0
       0
       0
       0
       0
       0
       0
       0
       0
       0
       0
       0
       0
       0
       0
       0
       0
       0
       0
       0
       0
       0
       0
       0
       0
       0
       0
       0
       0
       0
       0
       0
       0
       0
       0
       0
       0
       0
       0
       0
       0
       0
       0
       0
       0
       0
       0
       0
       0
       0
       0
       0
       0
       0
       0
       0
       0
       0
       0
       0
       0
       0
       0
       0
       0
       0
       0
       0
       0
       0
       0
       0
       0
       0
       0
       0
       0
       0
       0
       0
       0
       0
       0
       0
       0
       0
       0
       0
       0
       0
       0
       0
       0
       0
       0
       0
       0
       0
       0
       0
       0
       0
       0
       0
       0
       0
       0
       0
       0
       0
       0
       0
       0
       0
       0
       0
       0
       0
       0
       0
       0
       0
       0
       0
       0
       0
       0
       0
       0
       0
       0
       0
       0
       0
       0
       0
       0
       0
       0
       0
       0
       0
       0
       0
       0
       0
       0
       0
       0
       0
       0
       0
       0
       0
       0
       0
       0
$ROI:
5
471 536
564 647
763 844
1001 1090
1573 1669
$PRESETS:
Real Time
60
0
$ENER_FIT:
-20.212013 1.714672
$MCA_CAL:
3
-2.021201E+001 1.714672E+000 4.288640E-006 keV
$SHAPE_CAL:
3
1.158210E+001 3.853783E-002 -7.560620E-006
