$SPEC_ID:
This is spectrum 008
$SPEC_REM:
DET# 1
DETDESC# CK155-04 Easy-MCA-2k SN 12292282
AP# Maestro Version 7.01
$DATE_MEA:
02/17/2022 13:28:23
$MEAS_TIM:
59 60
$DATA:
0 2047
       0
       0
       0
       0
       0
       0
       0
       0
       0
       0
       0
       0
       0
       3
      20
      20
      32
      38
      33
      37
      29
      27
      28
      37
      31
      39
      50
      38
      28
      39
      53
      49
      52
      49
      53
      57
      54
      65
      63
      74
      73
      84
      72
      76
      91
     113
      99
     127
     106
     133
     113
     108
     143
     139
     123
     137
     142
     145
     156
     142
     174
     161
     147
     159
     159
     130
     180
     149
     159
     161
     166
     152
     169
     174
     140
     162
     158
     156
     154
     164
     166
     136
     153
     156
     146
     142
     149
     127
     140
     152
     145
     135
     144
     144
     134
     116
     121
     153
     121
     148
     118
     122
     126
     119
     124
     117
     113
     130
     115
     111
     113
     109
     120
     104
     130
     133
     107
     100
     121
     114
      95
      85
     116
     112
     101
     100
      87
     111
      69
     108
      91
      85
      81
      90
      84
      98
      91
      82
      88
      81
      81
      68
      84
      88
      74
      72
      78
      73
      83
      84
      81
      75
      75
      73
      73
      74
      67
      83
      68
      57
      63
      59
      47
      71
      63
      81
      63
      46
      60
      60
      63
      55
      58
      64
      49
      37
      56
      48
      59
      42
      52
      46
      44
      49
      50
      50
      46
      40
      47
      46
      49
      42
      42
      39
      39
      46
      46
      41
      43
      40
      39
      36
      37
      32
      34
      36
      25
      40
      30
      40
      37
      32
      36
      42
      37
      34
      37
      30
      37
      35
      27
      26
      45
      50
      30
      33
      41
      31
      27
      35
      35
      33
      23
      21
      28
      25
      25
      26
      30
      24
      20
      26
      25
      23
      29
      24
      18
      22
      21
      24
      25
      33
      25
      28
      19
      29
      41
      16
      19
      17
      25
      23
      25
      15
      21
      21
      18
      17
      16
      21
      22
      19
      21
      28
      33
      20
      24
      17
      27
      23
      26
      23
      25
      20
      25
      24
      16
      20
      15
      19
      24
      18
      20
      21
      17
      17
      19
      21
      20
      15
      19
      25
      25
      23
      29
      18
      25
      21
      17
      22
      12
      18
      14
      16
      24
      14
      18
      20
      12
      17
      15
      11
      21
      19
      20
      24
      12
      20
      16
      12
      11
      21
      13
      13
      18
      17
      20
      21
      12
      16
      18
      16
      16
      18
      14
      16
      16
      17
      13
      18
      16
      21
      20
      21
      22
      19
      22
      12
      15
      13
      16
      16
      13
      13
      15
      22
      15
      22
      19
      19
      21
      19
      16
      18
      14
      24
      18
      14
      13
      11
      13
      12
      13
      14
      12
       5
       5
       7
       7
      11
      13
      10
       9
      13
      12
      10
      11
      13
      17
      12
      10
      13
      10
       8
       8
      15
       9
       9
       9
       5
      17
       5
      14
       4
      12
      12
       9
       8
       9
       9
      13
      19
       7
       9
      11
       8
       8
       8
       5
       9
      11
      10
      14
       8
      10
       6
      13
       7
      13
      12
       7
       9
       7
      10
      10
       6
      14
      15
      12
       7
       7
      13
       6
      12
       9
       7
       6
      11
       2
      11
      14
       8
      13
      11
       9
      12
      12
       8
      12
       1
       8
       9
      13
       6
       6
       8
       9
       8
       8
       6
       7
      16
       7
      11
      13
      17
       9
      14
      19
      20
      16
      12
      14
      16
      21
      24
      19
      34
      22
      17
      27
      40
      26
      24
      27
      25
      21
      31
      27
      24
      29
      16
      22
      23
      16
      23
      15
      19
      19
      18
       9
      18
      20
       9
      11
       9
      13
      11
      14
      10
       8
       6
       7
       6
       7
       9
       6
      11
       5
       4
       7
       9
       3
       3
       3
      10
       9
       7
       4
       2
       7
       8
       6
      12
       6
       8
       6
       8
       6
       5
       5
       4
       9
      12
       8
      10
       3
       4
       4
       9
      11
       7
      10
       6
      11
       5
       4
      16
       6
       7
       7
       6
       5
       6
       5
       8
      11
       8
       6
       9
      11
       8
      12
      11
       9
      10
      11
       8
      12
      11
       8
       8
       6
      11
       9
      16
       5
       7
       7
      12
       9
      14
      13
       5
      13
       6
       9
       6
       7
       4
       7
      12
       4
      10
       6
       5
       3
       8
       5
       6
      11
      10
      12
       4
       3
       2
       6
       4
       4
       3
       4
       4
       7
       4
       3
       7
       6
       4
       5
       5
       4
       2
      10
       3
       3
       8
       3
       8
       3
       5
       2
       7
       4
       4
       5
       4
      10
       9
       5
       7
       2
       5
       2
       6
       3
       4
       9
       2
       7
       6
       5
       3
       4
       7
       5
       5
       2
       3
       6
       3
       5
       8
       3
       2
       2
       6
       4
       3
       3
       7
       2
       4
       4
       4
       7
       6
       1
       3
       4
       1
       4
       3
       5
       5
       3
       1
       6
       4
       5
       2
       4
       2
       3
       2
       4
       4
       2
       7
       3
       4
       2
       5
       4
       3
       4
       5
       3
       3
       3
       8
       6
       2
       3
       3
       4
       5
       4
       2
       2
       3
       2
       4
       2
       1
       5
       7
       3
       2
       3
       3
       4
       3
       2
       1
       4
       3
       2
       3
       4
       3
       2
       3
       2
       0
       1
       2
       4
       1
       2
       1
       3
       3
       5
       0
       3
       3
       3
       2
       4
       3
       5
       3
       5
       1
       1
       2
       1
       3
       0
       1
      11
       9
       3
       6
       3
       5
       4
       3
       1
       6
       2
       4
       3
       2
       5
       4
       7
       6
       3
       7
       5
       2
       7
       3
       3
       2
       2
       8
       5
       5
       4
       5
       5
       1
       9
       8
       7
       8
       8
       5
       7
       6
       5
      13
       4
       2
       6
       7
      11
       8
      11
       7
       4
      10
       9
       8
       7
      10
       4
      15
       9
       6
       9
      11
       7
      12
      16
       4
       8
       7
       9
       8
       7
       7
       4
      10
      12
      10
       7
       6
       9
       7
       8
       8
       4
       9
       3
       6
       6
       5
       4
       3
       2
       3
       5
       1
       4
       1
       4
       0
       5
       0
       3
       1
       2
       1
       5
       2
       2
       1
       1
       3
       0
       4
       1
       2
       3
       0
       1
       0
       3
       0
       1
       4
       2
       1
       3
       0
       0
       0
       2
       0
       1
       2
       1
       1
       0
       0
       2
       3
       1
       1
       2
       1
       2
       0
       2
       2
       1
       1
       1
       3
       1
       0
       1
       1
       0
       5
       1
       1
       2
       0
       2
       1
       0
       2
       0
       0
       1
       0
       0
       0
       1
       0
       1
       3
       0
       1
       1
       0
       1
       1
       0
       1
       1
       0
       1
       1
       3
       0
       0
       3
       1
       0
       0
       2
       0
       2
       0
       1
       0
       0
       1
       2
       0
       2
       0
       4
       1
       1
       2
       2
       2
       4
       1
       2
       2
       3
       5
       1
       4
       0
       3
       2
       1
       3
       6
       3
       4
       4
       4
       2
       5
       7
       4
       6
       7
       6
       6
       5
       7
       2
       7
       5
       7
       5
       4
       3
       4
       6
       5
       4
       9
       8
       6
       1
       4
       5
       6
       3
       2
       7
       3
       7
       9
       2
       4
       5
       0
       2
       5
       4
       4
       1
       3
       4
       4
       3
       4
       1
       0
       3
       3
       1
       1
       1
       0
       2
       1
       0
       1
       0
       1
       2
       0
       0
       2
       2
       2
       3
       0
       1
       1
       0
       2
       0
       1
       0
       0
       1
       0
       2
       0
       1
       0
       0
       1
       1
       2
       1
       1
       1
       1
       3
       1
       0
       4
       1
       2
       0
       1
       1
       1
       0
       2
       1
       1
       0
       0
       0
       0
       0
       0
       0
       1
       0
       0
       1
       0
       0
       0
       0
       0
       0
       0
       0
       0
       0
       1
       0
       0
       0
       0
       0
       0
       0
       0
       0
       0
       0
       0
       0
       0
       1
       1
       1
       0
       0
       2
       0
       0
       0
       1
       1
       0
       0
       1
       0
       1
       1
       1
       1
       0
       2
       1
       0
       2
       0
       1
       0
       0
       1
       0
       0
       0
       1
       1
       0
       0
       0
       0
       0
       1
       1
       0
       1
       0
       1
       0
       0
       0
       0
       1
       0
       0
       3
       1
       1
       0
       0
       0
       0
       0
       1
       1
       0
       0
       0
       0
       2
       1
       1
       0
       0
       1
       2
       0
       1
       0
       0
       0
       1
       2
       1
       1
       0
       2
       1
       1
       0
       2
       0
       1
       0
       0
       1
       2
       0
       0
       0
       0
       0
       1
       0
       1
       0
       1
       0
       0
       2
       0
       0
       0
       1
       0
       1
       0
       0
       0
       1
       0
       0
       0
       0
       1
       0
       0
       1
       0
       2
       1
       0
       0
       0
       1
       1
       0
       2
       0
       0
       0
       1
       0
       0
       0
       1
       1
       0
       0
       1
       1
       1
       0
       0
       1
       1
       0
       1
       1
       1
       2
       0
       1
       0
       0
       1
       1
       0
       0
       2
       0
       0
       1
       3
       1
       0
       0
       1
       1
       0
       0
       0
       0
       0
       0
       1
       0
       1
       1
       0
       1
       0
       0
       0
       1
       0
       0
       2
       0
       0
       0
       2
       0
       1
       0
       0
       0
       0
       0
       1
       0
       2
       0
       0
       0
       1
       0
       0
       0
       0
       0
       0
       0
       1
       0
       1
       0
       0
       1
       0
       1
       0
       0
       0
       2
       0
       0
       0
       0
       1
       1
       0
       0
       2
       1
       0
       1
       0
       0
       0
       0
       1
       0
       0
       0
       1
       0
       0
       0
       1
       0
       0
       0
       1
       0
       0
       0
       0
       1
       0
       1
       0
       0
       0
       0
       0
       0
       0
       0
       0
       1
       0
       0
       0
       0
       0
       0
       0
       1
       0
       0
       1
       0
       0
       0
       0
       0
       1
       0
       0
       0
       0
       1
       0
       0
       0
       0
       0
       0
       0
       0
       0
       0
       0
       1
       0
       0
       0
       0
       0
       0
       0
       1
       0
       0
       0
       0
       0
       1
       0
       0
       0
       0
       0
       0
       0
       1
       1
       2
       1
       1
       0
       0
       0
       0
       1
       0
       1
       0
       0
       0
       0
       0
       1
       0
       1
       2
       1
       2
       0
       2
       2
       1
       0
       0
       1
       3
       3
       0
       0
       1
       0
       1
       0
       1
       0
       2
       1
       0
       1
       0
       1
       0
       3
       0
       1
       1
       2
       0
       1
       0
       0
       1
       0
       1
       0
       0
       0
       1
       0
       0
       1
       0
       0
       0
       0
       0
       0
       0
       0
       1
       0
       1
       0
       1
       4
       0
       0
       1
       0
       0
       0
       0
       0
       0
       0
       0
       1
       0
       1
       1
       0
       0
       2
       1
       1
       0
       0
       0
       1
       0
       0
       0
       2
       0
       0
       0
       0
       0
       1
       1
       0
       0
       0
       0
       1
       0
       0
       1
       0
       0
       0
       1
       0
       0
       0
       0
       0
       1
       0
       2
       0
       1
       2
       0
       0
       0
       0
       0
       1
       0
       0
       0
       0
       1
       0
       0
       1
       0
       0
       0
       0
       0
       0
       0
       0
       1
       0
       0
       0
       0
       0
       0
       0
       0
       0
       0
       0
       0
       0
       0
       0
       0
       0
       0
       0
       0
       0
       0
       0
       0
       0
       0
       0
       0
       0
       0
       0
       0
       0
       0
       0
       0
       0
       0
       0
       0
       0
       0
       0
       0
       0
       0
       0
       0
       0
       0
       0
       0
       0
       0
       0
       0
       0
       0
       0
       0
       0
       0
       0
       0
       0
       0
       0
       0
       0
       0
       0
       0
       0
       0
       0
       0
       0
       0
       0
       0
       0
       0
       0
       0
       0
       0
       0
       0
       0
       0
       0
       0
       0
       0
       0
       0
       1
       0
       0
       0
       0
       0
       0
       0
       0
       0
       0
       0
       0
       0
       0
       0
       0
       0
       0
       0
       0
       0
       0
       0
       0
       0
       0
       0
       0
       0
       0
       0
       0
       0
       0
       0
       0
       0
       0
       0
       0
       0
       0
       0
       0
       0
       0
       0
       0
       0
       0
       0
       0
       0
       0
       0
       0
       0
       0
       0
       0
       0
       0
       0
       0
       0
       0
       0
       0
       0
       0
       0
       0
       0
       0
       0
       0
       0
       0
       0
       0
       0
       0
       0
       0
       0
       0
       0
       0
       0
       0
       0
       0
       0
       0
       0
       0
       0
       0
       0
       0
       0
       0
       0
       0
       0
       0
       0
       0
       0
       0
       0
       0
       0
       0
       1
       0
       0
       0
       0
       0
       0
       0
       0
       0
       0
       0
       0
       0
       0
       0
       0
       0
       0
       0
       0
       0
       1
       0
       0
       0
       0
       0
       0
       0
       1
       0
       0
       0
       0
       0
       0
       0
       0
       0
       0
       0
       0
       0
       0
       0
       0
       0
       0
       0
       0
       0
       0
       0
       0
       0
       0
       0
       0
       0
       0
       0
       0
       0
       0
       0
       0
       0
       0
       0
       0
       0
       0
       0
       0
       0
       0
       0
       0
       0
       0
       0
       0
       0
       0
       0
       0
       0
       0
       0
       0
       0
       0
       0
       0
       0
       0
       0
       0
       0
       0
       0
       0
       0
       0
       0
       0
       0
       0
       0
       0
       0
       0
       0
       0
       0
       0
       0
       0
       0
       0
       0
       0
       0
       0
       0
       0
       0
       0
       0
       0
       0
       0
       0
       0
       0
       0
       0
       0
       0
       0
       0
       0
       0
       0
       0
       0
       0
       0
       0
       0
       0
       0
       0
       0
       0
       0
       0
       0
       0
       0
       0
       0
       0
       0
       0
       0
       0
       0
       0
$ROI:
5
471 536
564 647
763 844
1001 1090
1573 1669
$PRESETS:
Real Time
60
0
$ENER_FIT:
-20.212013 1.714672
$MCA_CAL:
3
-2.021201E+001 1.714672E+000 4.288640E-006 keV
$SHAPE_CAL:
3
1.158210E+001 3.853783E-002 -7.560620E-006
