$SPEC_ID:
This is spectrum 010
$SPEC_REM:
DET# 1
DETDESC# CK155-04 Easy-MCA-2k SN 12292282
AP# Maestro Version 7.01
$DATE_MEA:
02/17/2022 13:30:27
$MEAS_TIM:
59 60
$DATA:
0 2047
       0
       0
       0
       0
       0
       0
       0
       0
       0
       0
       0
       0
       0
       0
      23
      27
      25
      35
      35
      31
      37
      28
      31
      41
      35
      27
      42
      28
      44
      43
      35
      49
      43
      47
      57
      59
      61
      60
      72
      65
      73
      69
      83
      99
     108
     108
     108
     104
     115
     120
     111
     144
     124
     133
     133
     157
     141
     155
     158
     138
     154
     162
     171
     165
     164
     168
     152
     155
     161
     135
     172
     151
     151
     134
     170
     185
     159
     150
     139
     148
     162
     148
     152
     151
     162
     147
     142
     155
     140
     138
     151
     127
     129
     121
     141
     132
     126
     129
     135
     120
     130
     137
     137
     134
     114
     129
     119
     129
     109
     115
     122
     119
      99
     132
      99
      97
      97
      92
      94
     103
     110
      86
     105
     112
      97
      88
      94
      84
     104
     103
      95
     104
      86
      77
     100
      85
      69
      86
      75
      85
      70
      93
      92
      75
      87
      75
      70
      72
      76
      60
      61
      74
      69
      79
      58
      73
      67
      68
      62
      60
      62
      53
      60
      54
      46
      50
      55
      61
      59
      59
      58
      54
      50
      61
      53
      59
      47
      40
      48
      52
      58
      58
      49
      51
      40
      40
      46
      37
      54
      49
      47
      44
      47
      48
      48
      48
      40
      47
      37
      34
      37
      30
      47
      36
      40
      47
      31
      39
      46
      27
      28
      36
      36
      21
      33
      26
      36
      40
      36
      25
      46
      31
      32
      33
      31
      29
      25
      36
      32
      28
      23
      31
      32
      26
      22
      29
      33
      25
      27
      28
      31
      24
      22
      24
      26
      27
      23
      22
      32
      28
      23
      25
      22
      23
      34
      24
      23
      24
      24
      23
      26
      24
      22
      18
      27
      20
      18
      16
      21
      25
      17
      27
      20
      20
      18
      22
      12
      17
      19
      17
      18
      19
      17
      23
      18
      20
      18
      18
      21
      25
      16
      16
      21
      12
      18
      13
      21
      16
      27
      15
      12
      24
      22
      25
      18
      14
      20
      21
      17
      20
      17
      31
      22
      16
      21
      23
      22
      28
      24
      17
      16
      15
      16
      14
      12
      14
      18
      12
      12
       8
      20
      11
      15
      12
      14
      13
      17
      15
      17
      22
      17
      16
      16
      12
       9
      16
      14
       9
      11
      15
      15
      15
      14
      16
      19
       8
      14
      19
       8
      18
      18
      22
      20
      15
      12
      16
      17
      12
      16
       9
      14
      12
      19
      12
       8
      12
      16
      14
      10
       6
      12
      10
      12
      14
       7
       7
      12
      19
      14
      23
       8
      17
       8
       4
       9
       8
       7
      11
       7
       6
       8
       8
      19
      15
      16
      10
      11
       8
      16
      12
       7
       6
      12
       9
       7
       7
       9
       7
       8
       5
      14
      11
      14
      11
       8
      11
       5
       8
       8
       4
      12
      13
       6
       9
       4
       7
       9
      13
       9
       9
      12
       9
      10
       8
      13
      11
       8
      11
       4
       8
       6
      14
       6
       5
       8
       9
      11
       9
       9
       4
       8
      10
       9
       8
       8
       6
       6
      13
       7
       8
       5
       8
       5
      11
       7
       8
      12
       8
      10
       8
      12
      13
      14
       8
       9
      12
      11
      19
       9
      18
      18
      23
      26
      22
      23
      14
      11
      23
      14
      18
      24
      32
      20
      26
      25
      19
      26
      20
      27
      28
      21
      21
      25
      15
      25
      10
      15
      11
      20
      12
      14
      11
      12
      15
      13
       9
      12
      11
      13
       4
       7
       6
       9
      10
       7
       6
       9
       4
       7
      11
      10
       4
       9
       7
       6
       7
       3
      11
       5
       5
       9
      10
       5
       6
       4
       8
       9
       5
       6
       5
       5
       6
       6
       5
       3
      16
       5
       8
       6
       7
       4
       6
       8
       7
       7
       8
       5
       7
       7
       3
      12
       6
       7
       9
       4
      13
      10
      10
       6
       6
      10
      10
       5
       8
       8
       5
       4
       6
       4
       6
       9
      12
      12
      14
      15
      10
      11
       8
      11
      12
       8
       9
       9
       7
       8
       7
       7
       8
       3
       7
       8
       2
       5
       4
       6
      10
       4
       2
       4
       8
       4
       4
       8
       8
       4
       7
       3
       4
       3
       2
       5
       5
       1
       1
       4
       3
       2
       7
       4
       5
       6
       3
       8
       8
       7
       3
       4
       5
       3
       5
       3
       6
       3
       4
       6
       2
       5
       0
       4
       4
       1
       6
       4
       2
       8
       7
       3
       3
       5
       4
      11
       3
       6
       2
       5
       4
       4
       5
       3
       3
       1
       4
       6
       4
       2
       5
       4
       3
       6
       4
       3
       5
       7
       5
       6
       5
       2
       4
       0
       5
       3
       2
       2
       4
       4
       4
       5
       4
       6
       5
       1
       4
       1
       4
       5
       5
       3
       1
       5
       3
       1
       4
       1
       3
       4
       5
       1
       3
       1
       1
       3
       3
       3
       4
       3
       3
       6
       2
       5
       5
       4
       0
       4
       2
       2
       5
       4
       2
       1
       4
       2
       3
       4
       4
       3
       2
       3
       1
       3
       2
       4
       1
       6
       3
       5
       3
       6
       3
       5
       3
       6
       7
       3
       5
       4
       4
       2
       5
       1
       3
       2
       3
       4
       2
       3
       4
       4
       2
       2
       3
       7
       6
       2
       2
       2
       2
       5
       7
       6
       3
       4
       1
       7
       3
       4
       1
       3
       5
       2
       8
       1
       6
       3
       4
       5
       6
       5
       4
       2
       6
       2
       1
       5
       6
       3
       5
       1
       5
       7
       6
       5
       4
       5
       4
       5
       6
       6
       5
      11
       9
       5
      10
       6
       8
      10
       8
      11
       4
       9
      12
       5
       6
       6
       7
      16
      14
       6
       7
       3
       6
       7
       6
       9
       7
       8
       5
       8
       2
       4
       4
       5
       4
       3
       4
       3
       6
       3
       5
       3
       1
       1
       3
       4
       4
       3
       1
       4
       5
       1
       3
       0
       2
       5
       1
       1
       0
       3
       1
       0
       3
       1
       0
       2
       1
       1
       2
       1
       4
       2
       1
       1
       2
       1
       0
       1
       0
       1
       0
       1
       0
       2
       1
       2
       1
       2
       1
       2
       1
       0
       3
       1
       2
       1
       2
       2
       4
       0
       1
       3
       0
       1
       2
       1
       1
       0
       3
       2
       2
       1
       2
       1
       2
       2
       1
       2
       1
       0
       4
       2
       2
       4
       1
       1
       0
       0
       0
       2
       2
       1
       1
       1
       0
       1
       4
       2
       0
       1
       0
       0
       3
       1
       0
       0
       1
       0
       6
       1
       0
       0
       1
       1
       0
       0
       2
       0
       3
       1
       1
       3
       0
       1
       0
       1
       0
       3
       1
       2
       2
       3
       2
       2
       5
       3
       2
       3
       1
       2
       3
       4
       2
       4
       1
       2
       3
       0
       4
       1
       2
       4
       4
       1
       5
       6
       2
       1
       4
       4
       1
       1
       1
       2
       2
       4
       3
       6
       2
       1
       4
       4
       3
       2
       1
       2
       2
       2
       2
       2
       1
       0
       3
       1
       1
       2
       0
       2
       2
       1
       1
       1
       2
       0
       0
       1
       3
       0
       3
       0
       0
       1
       2
       0
       1
       1
       0
       1
       0
       0
       0
       3
       0
       1
       1
       3
       0
       2
       2
       1
       1
       1
       0
       0
       2
       1
       0
       0
       0
       0
       0
       0
       2
       0
       1
       0
       0
       0
       1
       0
       2
       1
       0
       0
       0
       0
       0
       2
       0
       0
       0
       0
       0
       1
       0
       0
       0
       0
       1
       0
       1
       0
       0
       0
       0
       0
       1
       0
       0
       1
       1
       0
       0
       0
       0
       0
       2
       2
       0
       0
       0
       1
       1
       0
       1
       0
       0
       1
       1
       1
       1
       0
       0
       2
       3
       0
       1
       0
       0
       1
       1
       0
       0
       1
       1
       1
       0
       0
       4
       0
       0
       1
       0
       2
       0
       1
       0
       2
       1
       0
       1
       1
       0
       0
       0
       0
       0
       0
       1
       1
       1
       1
       1
       2
       0
       0
       0
       0
       0
       1
       1
       2
       1
       3
       1
       2
       2
       0
       4
       0
       0
       0
       1
       1
       0
       2
       1
       3
       1
       0
       0
       1
       1
       0
       1
       1
       0
       1
       1
       0
       0
       1
       0
       0
       1
       0
       1
       0
       0
       0
       2
       1
       1
       1
       4
       0
       1
       0
       1
       0
       0
       0
       0
       0
       0
       0
       0
       0
       1
       2
       1
       0
       0
       1
       2
       1
       3
       0
       0
       0
       0
       0
       0
       1
       2
       0
       0
       0
       1
       0
       0
       1
       1
       2
       0
       1
       2
       0
       2
       0
       1
       0
       0
       1
       0
       0
       0
       1
       0
       2
       0
       0
       0
       0
       0
       0
       0
       0
       0
       0
       0
       1
       1
       0
       0
       0
       3
       0
       0
       0
       1
       3
       0
       1
       1
       0
       0
       0
       0
       0
       0
       0
       0
       0
       0
       2
       1
       0
       0
       1
       2
       1
       0
       0
       0
       1
       1
       0
       0
       1
       0
       0
       0
       1
       0
       2
       1
       1
       2
       1
       1
       0
       2
       1
       0
       0
       1
       0
       0
       1
       1
       0
       1
       0
       0
       0
       1
       0
       0
       0
       0
       1
       0
       0
       0
       0
       0
       0
       0
       0
       0
       0
       0
       0
       0
       0
       0
       0
       0
       1
       0
       0
       0
       0
       0
       2
       0
       1
       0
       0
       0
       0
       0
       0
       0
       1
       0
       0
       0
       0
       0
       0
       1
       0
       2
       0
       1
       1
       0
       2
       0
       1
       0
       0
       1
       0
       0
       0
       0
       0
       1
       0
       0
       0
       0
       0
       0
       1
       0
       0
       0
       1
       1
       1
       1
       0
       0
       1
       0
       0
       1
       0
       1
       0
       0
       0
       1
       1
       1
       0
       0
       1
       1
       0
       1
       0
       0
       1
       2
       0
       1
       1
       0
       0
       1
       0
       0
       0
       1
       0
       0
       1
       0
       0
       2
       0
       0
       1
       1
       2
       0
       1
       3
       1
       1
       2
       0
       0
       0
       2
       0
       0
       1
       2
       1
       0
       0
       3
       0
       0
       0
       1
       1
       3
       0
       0
       2
       1
       1
       0
       0
       0
       1
       1
       1
       0
       0
       0
       2
       0
       0
       0
       0
       1
       0
       0
       0
       0
       0
       1
       1
       0
       0
       0
       0
       0
       0
       0
       0
       0
       0
       1
       0
       0
       1
       0
       1
       1
       0
       1
       0
       1
       0
       1
       1
       0
       1
       0
       0
       0
       0
       0
       0
       0
       1
       1
       0
       0
       0
       0
       0
       0
       0
       0
       0
       0
       0
       0
       0
       0
       2
       2
       0
       1
       1
       0
       2
       0
       1
       0
       0
       1
       0
       0
       0
       0
       1
       0
       0
       0
       0
       0
       0
       0
       1
       0
       0
       0
       0
       0
       0
       1
       0
       1
       0
       0
       0
       0
       0
       1
       0
       0
       0
       0
       0
       0
       0
       0
       0
       0
       0
       0
       0
       0
       0
       0
       0
       0
       0
       0
       0
       0
       0
       0
       0
       0
       0
       0
       0
       0
       0
       0
       0
       0
       0
       0
       0
       1
       0
       0
       0
       1
       0
       0
       0
       0
       0
       0
       0
       0
       1
       0
       0
       1
       0
       0
       0
       0
       0
       0
       0
       0
       0
       0
       0
       0
       0
       0
       0
       0
       0
       0
       0
       0
       0
       0
       0
       0
       0
       0
       0
       0
       0
       0
       0
       0
       0
       0
       0
       0
       0
       0
       0
       0
       0
       0
       0
       0
       0
       0
       0
       0
       0
       0
       0
       0
       0
       0
       0
       0
       1
       0
       0
       0
       0
       0
       0
       0
       0
       0
       1
       0
       0
       0
       0
       0
       0
       0
       0
       0
       0
       0
       0
       0
       0
       0
       0
       1
       0
       0
       0
       0
       0
       0
       0
       0
       0
       0
       0
       0
       0
       0
       0
       0
       1
       0
       0
       0
       0
       0
       0
       0
       0
       0
       0
       0
       0
       0
       0
       0
       0
       0
       0
       0
       0
       0
       0
       0
       0
       0
       0
       0
       0
       0
       0
       0
       0
       0
       0
       0
       0
       0
       0
       0
       0
       0
       0
       0
       0
       0
       0
       0
       1
       0
       0
       0
       0
       0
       0
       0
       0
       0
       0
       0
       0
       0
       0
       0
       0
       0
       0
       0
       0
       0
       0
       0
       0
       0
       0
       0
       0
       0
       0
       0
       0
       0
       0
       0
       0
       0
       0
       0
       0
       0
       0
       0
       0
       0
       1
       0
       1
       0
       0
       0
       0
       0
       0
       0
       0
       0
       0
       0
       0
       0
       0
       0
       0
       0
       0
       0
       0
       0
       0
       0
       0
       0
       0
       0
       0
       0
       0
       0
       0
       0
       0
       0
       0
       0
       0
       0
       0
       0
       0
       0
       0
       0
       0
       0
       0
       0
       0
       0
       0
       0
       0
       0
       0
       0
       0
       0
       0
       0
       0
       0
       0
       0
       0
       0
       0
       0
       0
       0
       0
       0
       0
       0
       0
       0
       0
       0
       0
       0
       0
       0
       0
       0
       0
       0
       0
       0
       0
       0
       0
       0
       0
       0
       0
       0
       0
       0
       0
       0
       0
       0
       0
       0
       0
       0
       0
       0
       0
       0
       0
       0
       0
       0
       0
       0
       0
       0
       0
       0
       0
       0
       0
       0
       0
       0
       0
       0
       0
$ROI:
5
471 536
564 647
763 844
1001 1090
1573 1669
$PRESETS:
Real Time
60
0
$ENER_FIT:
-20.212013 1.714672
$MCA_CAL:
3
-2.021201E+001 1.714672E+000 4.288640E-006 keV
$SHAPE_CAL:
3
1.158210E+001 3.853783E-002 -7.560620E-006
