$SPEC_ID:
This is spectrum 023
$SPEC_REM:
DET# 1
DETDESC# CK155-04 Easy-MCA-2k SN 12292282
AP# Maestro Version 7.01
$DATE_MEA:
02/17/2022 13:43:43
$MEAS_TIM:
59 60
$DATA:
0 2047
       0
       0
       0
       0
       0
       0
       0
       0
       0
       0
       0
       0
       0
       0
      27
      23
      30
      28
      24
      35
      36
      25
      33
      30
      28
      33
      24
      35
      31
      51
      41
      41
      36
      50
      52
      49
      45
      52
      58
      63
      69
      76
      80
      75
      83
      97
      89
     100
     128
     111
     121
     129
     115
     114
     116
     116
     154
     156
     157
     165
     153
     131
     161
     148
     136
     121
     134
     143
     154
     145
     170
     138
     156
     145
     149
     176
     138
     150
     174
     174
     147
     139
     142
     149
     139
     137
     150
     153
     144
     118
     146
     118
     126
     111
     118
     118
     129
     116
     141
     118
     111
     114
     120
     107
     121
     121
     103
     118
     101
     118
     102
     100
      96
      91
     111
      83
      98
     111
      83
     106
      93
     106
      93
      91
     100
      86
     105
      97
      84
      93
      80
      91
      83
      79
      96
      83
      68
      90
      87
      82
      68
      61
      73
      83
      82
      78
      87
      77
      66
      65
      82
      64
      75
      65
      70
      75
      64
      75
      47
      65
      59
      68
      49
      42
      54
      51
      33
      55
      49
      48
      52
      40
      48
      41
      41
      55
      43
      61
      46
      49
      59
      46
      43
      43
      40
      44
      47
      46
      47
      51
      43
      29
      58
      40
      40
      37
      42
      36
      38
      35
      46
      28
      35
      32
      37
      32
      32
      34
      39
      35
      39
      35
      32
      31
      40
      39
      38
      40
      31
      28
      38
      26
      23
      28
      27
      25
      33
      27
      30
      29
      30
      29
      22
      18
      30
      24
      22
      23
      23
      21
      24
      31
      21
      29
      34
      24
      27
      24
      26
      30
      20
      17
      23
      29
      21
      19
      14
      21
      33
      26
      23
      23
      17
      23
      16
      24
      20
      15
      30
      19
      22
      26
      18
      21
      17
      16
       8
      23
      30
      15
      17
      21
      27
      22
      15
      17
      17
      21
      18
      25
      23
      21
      29
      14
      24
      29
      16
      16
      22
      13
      23
      16
      26
      19
      15
      19
      22
      16
      19
      16
      13
      25
      17
      19
      22
      18
      17
      21
      14
      14
      18
      18
      10
      26
      14
      19
      20
      15
      11
      10
       8
      11
      12
      11
      12
      14
      20
       6
      11
      10
       4
      19
      11
      16
      14
      14
      12
      13
       9
      15
      18
      15
      12
      10
       8
      16
      20
      13
      16
      14
      10
      15
      14
      17
      18
      15
       8
      21
      10
      11
       7
      12
       9
       8
      15
      16
      14
      16
      10
       9
       9
       8
      13
      13
      11
      12
      15
      12
      10
       6
      16
      11
       7
       4
       6
      13
       6
       7
       8
      18
       8
      17
       9
      11
      10
       6
      14
      11
       7
       9
      10
       6
       5
       9
       7
      15
      11
       6
       7
       5
      10
       6
      14
      11
       9
       6
      13
      12
       9
      12
      10
       4
       3
       3
      12
       7
       2
      13
       8
       3
       6
       5
       7
       7
       7
      11
       8
      11
       7
      11
       4
       7
       9
       8
       7
      14
       8
       1
      13
       6
      13
       4
       3
       4
      10
      10
       8
       4
      10
      11
       6
       6
       9
       8
       5
       8
       7
       9
      10
      14
       8
       9
       3
       7
       9
      10
      11
      11
      11
      12
       8
      16
      14
      11
      16
      13
      26
      18
      13
      13
      11
      13
      17
      16
      13
      11
      15
      17
      16
      19
      22
       9
      12
      13
      10
      10
      13
       7
       7
      11
       8
       7
      24
      12
       5
       6
       9
       7
       6
       6
       9
       6
       5
       7
       6
       8
       9
       7
       6
      12
       5
       5
       4
       5
       5
      11
       6
       4
       7
       4
       6
      10
       2
       2
       4
       5
       2
       3
       7
       4
       6
       3
       6
       6
       4
       7
       6
       6
       7
       9
      11
       8
       6
       9
       4
       5
       7
      12
       5
       6
       6
       5
       5
       2
      10
       3
       5
       9
       2
       3
       9
       5
       4
       4
       3
       6
       7
       3
       4
       6
       5
       6
       5
       8
       6
       2
       7
       7
       5
       9
       9
       5
       9
       5
       6
       5
       4
       4
       4
       4
       4
       1
       8
       3
       9
       4
       1
       6
       5
       6
       4
       6
       7
       2
       1
       4
       2
       3
       4
       6
       3
       3
      13
       2
       2
       4
       5
       2
       7
       2
       4
       3
       4
       5
       3
       2
       1
       7
       3
       4
       5
       4
       3
       5
       4
       5
       6
       4
       3
       2
       5
      10
       5
       3
       4
       1
       9
       5
       5
       3
       8
       3
       4
       3
       2
       5
       1
       7
       2
       3
       7
       4
       4
       1
       3
       2
       4
       1
       1
       3
       4
       5
       3
       2
       3
       6
       7
       4
       0
       2
       0
       3
       3
       5
       2
       4
       5
       3
       4
       1
       3
       3
       2
       2
       2
       2
       5
       5
       2
       6
       1
       5
       3
       2
       5
       6
       2
       6
       1
       3
       4
       0
       4
       5
       2
       6
       0
       2
       2
       5
       1
       2
       2
       1
       3
       1
       2
       3
       2
       4
       0
       4
       2
       4
       1
       1
       2
       1
       4
       2
       0
       0
       2
       1
       2
       3
       4
       4
       4
       2
       2
       2
       2
       1
       2
       3
       0
       1
       2
       2
       4
       1
       1
       5
       3
       0
       6
       3
       1
       4
       2
       3
       2
       4
       2
       1
       6
       2
       7
       4
       4
       5
       3
       5
       4
       4
       3
       2
       1
       6
       5
       1
       2
       1
       3
       5
       4
       2
       9
       7
       2
       5
       3
       3
       4
       8
       3
       5
       6
       7
       3
       6
       7
       9
       5
       8
       9
       9
       6
       4
      12
      14
       8
      13
      10
       5
       5
       7
      10
       7
       7
       7
       7
       9
       7
       9
       8
       7
       8
       7
      10
       9
       6
       6
       5
       5
      10
      11
       8
       3
       4
      11
       6
       8
       7
       4
       3
       1
       5
       2
       5
       3
       2
       3
       3
       2
       6
       2
       1
       1
       2
       0
       1
       0
       0
       0
       0
       3
       2
       0
       0
       1
       0
       2
       1
       1
       2
       2
       0
       1
       0
       3
       2
       1
       2
       1
       1
       0
       1
       1
       0
       2
       2
       0
       0
       1
       2
       0
       3
       1
       0
       1
       1
       0
       3
       2
       0
       1
       0
       0
       1
       1
       0
       0
       0
       0
       2
       1
       2
       0
       2
       0
       4
       1
       1
       1
       1
       1
       0
       2
       0
       3
       1
       0
       0
       1
       1
       0
       1
       0
       1
       1
       1
       1
       0
       0
       0
       0
       1
       2
       0
       0
       0
       0
       0
       1
       1
       0
       0
       2
       0
       0
       0
       2
       1
       1
       1
       1
       0
       1
       0
       1
       0
       3
       0
       1
       2
       3
       0
       0
       1
       1
       0
       2
       0
       1
       1
       0
       1
       0
       0
       2
       2
       3
       0
       1
       1
       1
       1
       1
       1
       3
       1
       4
       1
       1
       0
       1
       0
       3
       0
       1
       1
       3
       1
       1
       1
       0
       0
       1
       1
       1
       2
       3
       2
       2
       2
       1
       0
       1
       1
       1
       1
       0
       0
       1
       0
       2
       2
       1
       3
       0
       0
       1
       1
       1
       0
       1
       1
       3
       1
       1
       1
       1
       0
       0
       0
       1
       0
       2
       1
       0
       1
       0
       1
       1
       0
       0
       0
       0
       0
       2
       0
       0
       1
       0
       0
       2
       0
       0
       0
       1
       1
       0
       0
       0
       2
       0
       0
       0
       1
       1
       0
       1
       0
       1
       2
       1
       0
       0
       0
       0
       2
       2
       0
       0
       0
       0
       0
       0
       1
       1
       0
       1
       0
       1
       1
       0
       0
       0
       0
       0
       1
       0
       1
       0
       1
       1
       0
       0
       1
       0
       1
       0
       0
       0
       0
       1
       0
       1
       2
       0
       0
       0
       0
       1
       0
       0
       1
       0
       1
       0
       1
       0
       1
       1
       1
       0
       1
       0
       0
       0
       0
       0
       0
       0
       2
       0
       0
       0
       0
       1
       1
       0
       0
       0
       0
       0
       1
       0
       0
       0
       0
       1
       1
       0
       1
       2
       0
       2
       0
       0
       2
       1
       1
       1
       2
       0
       1
       1
       2
       0
       1
       0
       1
       0
       0
       0
       1
       1
       1
       1
       0
       1
       0
       0
       2
       0
       0
       0
       0
       1
       0
       0
       2
       2
       1
       2
       1
       0
       0
       2
       2
       0
       1
       1
       0
       1
       0
       1
       0
       0
       0
       0
       1
       1
       0
       1
       0
       1
       1
       0
       0
       0
       0
       0
       1
       0
       0
       0
       1
       0
       2
       1
       0
       0
       0
       0
       0
       1
       1
       0
       0
       1
       0
       1
       1
       2
       2
       0
       1
       1
       0
       1
       0
       0
       0
       0
       0
       0
       0
       0
       0
       1
       0
       0
       0
       0
       0
       0
       0
       0
       0
       0
       1
       0
       0
       1
       1
       0
       0
       0
       1
       0
       1
       0
       0
       2
       0
       0
       0
       1
       1
       0
       0
       0
       2
       0
       0
       1
       0
       0
       1
       0
       1
       0
       1
       0
       0
       0
       0
       0
       1
       0
       0
       0
       0
       0
       0
       0
       0
       0
       2
       0
       0
       1
       1
       0
       0
       0
       0
       0
       0
       0
       1
       0
       0
       0
       0
       0
       0
       0
       1
       0
       0
       1
       0
       0
       0
       0
       0
       0
       0
       0
       0
       0
       1
       0
       0
       3
       1
       0
       1
       0
       0
       0
       0
       0
       0
       0
       1
       0
       0
       1
       0
       0
       0
       2
       0
       0
       0
       1
       0
       0
       0
       1
       0
       0
       0
       0
       0
       0
       0
       0
       1
       0
       1
       1
       0
       0
       0
       0
       0
       1
       0
       0
       0
       0
       1
       1
       0
       0
       0
       0
       2
       0
       1
       1
       0
       0
       0
       0
       0
       0
       0
       0
       0
       0
       2
       0
       1
       0
       1
       2
       0
       0
       0
       1
       0
       0
       1
       0
       3
       0
       0
       2
       1
       1
       0
       2
       2
       2
       1
       0
       1
       1
       3
       2
       0
       1
       0
       1
       0
       2
       2
       1
       0
       0
       2
       0
       2
       1
       0
       1
       0
       0
       0
       2
       0
       0
       3
       2
       0
       1
       0
       2
       0
       1
       0
       1
       1
       1
       0
       0
       1
       0
       0
       1
       0
       2
       1
       0
       0
       0
       1
       0
       0
       0
       0
       1
       0
       0
       1
       1
       0
       3
       0
       0
       0
       0
       0
       1
       0
       0
       0
       1
       0
       0
       1
       1
       1
       1
       0
       0
       0
       0
       0
       1
       0
       0
       0
       1
       0
       2
       1
       1
       0
       0
       0
       0
       2
       0
       0
       1
       1
       1
       2
       1
       0
       0
       0
       0
       1
       0
       1
       1
       0
       0
       0
       0
       0
       0
       0
       0
       0
       0
       0
       0
       0
       0
       0
       0
       0
       0
       0
       1
       0
       0
       0
       0
       0
       0
       1
       0
       0
       0
       0
       0
       0
       0
       0
       0
       1
       0
       0
       1
       0
       0
       0
       0
       0
       0
       0
       0
       0
       0
       0
       0
       0
       0
       0
       0
       0
       0
       0
       0
       1
       0
       0
       0
       0
       0
       0
       0
       0
       0
       0
       0
       0
       0
       0
       0
       0
       0
       0
       0
       0
       0
       0
       0
       0
       0
       0
       0
       0
       1
       0
       0
       0
       0
       0
       0
       0
       0
       0
       0
       0
       0
       0
       0
       0
       0
       0
       0
       0
       0
       0
       0
       0
       0
       0
       0
       0
       0
       0
       0
       0
       0
       0
       0
       1
       0
       0
       0
       0
       0
       0
       0
       0
       0
       0
       1
       0
       0
       0
       0
       0
       0
       0
       0
       0
       0
       0
       0
       0
       0
       0
       0
       0
       0
       0
       0
       0
       0
       0
       0
       0
       0
       0
       0
       0
       0
       1
       0
       0
       0
       0
       0
       0
       0
       0
       0
       0
       0
       0
       0
       0
       0
       0
       0
       0
       0
       0
       0
       0
       0
       0
       0
       0
       0
       0
       0
       0
       0
       0
       0
       0
       0
       0
       0
       0
       0
       0
       0
       0
       0
       0
       1
       0
       0
       0
       0
       0
       0
       0
       0
       0
       0
       0
       0
       0
       0
       0
       0
       0
       0
       0
       0
       0
       0
       0
       0
       0
       0
       0
       0
       1
       0
       0
       0
       0
       0
       0
       0
       0
       0
       0
       0
       0
       0
       0
       0
       0
       0
       0
       0
       0
       0
       0
       0
       0
       0
       0
       0
       0
       0
       0
       0
       0
       0
       1
       1
       0
       0
       0
       0
       0
       0
       0
       0
       0
       0
       0
       0
       0
       0
       0
       0
       0
       0
       0
       0
       0
       0
       0
       0
       0
       0
       0
       0
       0
       0
       0
       0
       0
       0
       0
       0
       0
       0
       0
       0
       0
       0
       0
       0
       0
       0
       0
       0
       0
       0
       0
       0
       0
       0
       0
       0
       0
       0
       0
       0
       0
       0
       0
       0
       0
       0
       0
       0
       0
       0
       0
       0
       0
       0
       0
       0
       0
       0
       0
       0
       0
       0
       0
       0
       0
       0
       0
       0
       0
       0
       0
       0
       0
       0
       0
       0
       0
       0
       0
       0
       0
       0
       0
       0
       0
       0
       0
       0
       0
       0
       0
       0
       0
       0
       0
       0
       0
       0
       0
       0
       0
       0
       0
       0
       0
       0
       0
       0
       0
       0
       0
       0
       0
       0
       0
       0
$ROI:
5
471 536
564 647
763 844
1001 1090
1573 1669
$PRESETS:
Real Time
60
0
$ENER_FIT:
-20.212013 1.714672
$MCA_CAL:
3
-2.021201E+001 1.714672E+000 4.288640E-006 keV
$SHAPE_CAL:
3
1.158210E+001 3.853783E-002 -7.560620E-006
