$SPEC_ID:
This is spectrum 017
$SPEC_REM:
DET# 1
DETDESC# CK155-04 Easy-MCA-2k SN 12292282
AP# Maestro Version 7.01
$DATE_MEA:
02/17/2022 13:37:36
$MEAS_TIM:
59 60
$DATA:
0 2047
       0
       0
       0
       0
       0
       0
       0
       0
       0
       0
       0
       0
       1
       1
      15
      24
      28
      32
      28
      19
      28
      34
      41
      43
      33
      26
      38
      33
      46
      39
      35
      50
      49
      40
      59
      47
      64
      62
      75
      74
      50
      66
      75
      70
      89
      81
      93
      97
      99
     125
     107
     116
     117
     120
     130
     122
     129
     150
     169
     148
     148
     125
     133
     142
     151
     159
     159
     154
     174
     178
     154
     148
     166
     143
     151
     145
     163
     145
     139
     139
     159
     144
     166
     154
     145
     164
     138
     146
     170
     139
     143
     131
     123
     136
     138
     135
     118
     115
     120
     104
     128
     113
     118
     108
     120
     114
     102
     113
     113
      91
     114
      99
     130
     108
     121
      97
      90
     111
      83
      95
      89
     110
     105
      85
      89
     100
      91
      79
      93
      82
      93
      86
      70
      93
      95
      84
      73
      87
      81
      86
     105
      80
      82
      81
      83
      78
      78
      70
      64
      79
      63
      64
      65
      64
      64
      70
      63
      62
      73
      58
      45
      49
      63
      48
      74
      63
      55
      41
      51
      52
      62
      54
      55
      40
      61
      50
      35
      47
      50
      54
      42
      49
      37
      41
      49
      48
      49
      45
      48
      44
      40
      36
      38
      41
      31
      39
      32
      40
      46
      40
      42
      44
      43
      32
      31
      40
      32
      38
      46
      35
      37
      45
      47
      34
      28
      43
      38
      29
      37
      31
      37
      32
      34
      31
      29
      34
      35
      27
      36
      22
      23
      27
      28
      21
      19
      24
      16
      29
      23
      29
      20
      18
      28
      21
      26
      23
      19
      21
      29
      21
      28
      28
      35
      19
      18
      24
      25
      18
      26
      25
      28
      26
      19
      25
      12
      18
      16
      16
      17
      22
      18
      11
      16
      14
      23
      13
      19
      21
      19
      19
      21
      11
      20
      23
      23
      14
      18
      24
      18
      16
      18
      15
      19
      21
      18
      19
      12
      16
      15
      21
       6
      21
      21
      22
      13
      13
      19
      21
      11
      17
      14
      19
      21
      10
      17
      14
      19
      14
      15
      17
      17
      12
      15
      23
      10
      15
      17
      17
      17
      12
      21
      13
      16
      19
       9
      19
      28
      16
      11
      20
      12
      18
      13
      21
      16
      17
      14
      16
      12
      12
      17
      18
      16
      18
      13
      19
      11
      17
      13
      20
      17
      17
      16
      15
      21
      13
      13
      19
       8
      15
      16
      14
      18
      16
      13
      10
       8
       9
      19
      10
       8
       8
       8
      15
      12
      14
       6
      13
      11
      13
       8
      15
      14
       9
      10
       5
       7
       9
      17
      14
       8
      14
       4
      10
       9
      13
      13
      13
      12
      10
      10
       8
      11
       8
      11
       7
      10
       9
       9
      11
       8
       6
       8
       4
       9
       9
       9
       9
       9
      10
       8
       4
       9
       7
      10
       3
       6
       9
       8
       9
      12
       9
       7
       1
       5
      11
      11
      14
      12
       3
      11
       7
       9
      12
       8
      10
       4
      10
       4
       6
       6
       9
       5
       9
       8
       9
       4
       9
       9
       9
       9
       6
       9
      11
       8
       6
      11
       8
       5
       5
       5
       7
      16
      12
      16
       6
      10
      10
      16
      12
      12
      13
      18
      14
      17
      13
       8
      19
      20
      14
      16
      22
      20
      16
      21
      20
      18
      11
      15
      18
      13
      28
      24
       9
      13
      13
      15
      12
      13
      19
      10
      13
      11
      15
      10
       8
       9
      14
       9
       5
       5
       5
       7
       8
       6
      11
       5
       8
      10
       4
       6
       6
       2
       8
       4
      10
       9
      10
       7
       4
       7
       5
       3
       2
       4
      11
       6
       6
       4
       4
       4
       6
       9
       5
       3
       7
       2
       6
       6
       7
       7
       6
      10
       7
       4
       4
      10
       8
       2
       6
       4
       9
       4
       7
       7
       4
      14
       7
       7
       7
       8
       9
       6
       8
       7
       6
       5
       8
       7
       9
       3
       7
      11
       7
      11
       7
       5
      10
       6
       9
       9
       5
      10
       5
       6
       7
       1
       9
       5
       6
       4
       2
      10
       6
       5
       3
       4
       1
       8
       3
       4
       2
       1
       7
       3
       3
       2
       9
       1
       3
       2
       7
       5
       6
       4
       3
       4
       6
       5
       3
       4
       4
       7
       3
       6
       5
       7
       3
       5
      13
       3
       6
       6
       9
       2
       3
       3
       4
       9
       5
       3
       5
       5
       7
       1
       3
       6
       3
       6
       5
       5
       5
       2
       2
       3
       2
       2
       1
       3
       3
       2
       3
       2
       4
       6
       3
       3
       1
       5
       3
       4
       1
       5
       2
       5
       4
       2
       4
       2
       4
       4
       2
       6
       6
       4
       2
       3
       5
       7
       1
       0
       4
       4
       1
       4
       1
       5
       2
       1
       1
       3
       1
       2
       1
       2
       2
       0
       3
       2
       2
       3
       3
       4
       4
       1
       1
       0
       2
       3
       1
       3
       0
       2
       1
       4
       0
       2
       2
       2
       5
       3
       3
       1
       2
       1
       1
       2
       3
       5
       2
       1
       3
       2
       0
       5
       3
       3
       2
       0
       2
       1
       1
       2
       4
       4
       4
       2
       2
       3
       2
       3
       2
       4
       2
       3
       1
       2
       4
       5
       3
       2
       3
       2
       4
       2
       3
       0
       6
       2
       4
       2
       1
       5
       4
       5
       5
       3
       3
       2
       5
       3
       3
       5
       2
       6
       2
       2
       3
       6
       1
       8
       3
       2
       8
       6
       5
       6
       6
       8
       8
       5
       5
       5
       2
       0
      12
       5
      10
       6
      16
       6
      13
       5
       6
       9
       8
       8
       6
      13
      13
      10
       5
       5
       9
       9
       8
       3
       8
       6
       6
       9
      14
       6
       4
       7
       6
       4
       9
       6
       3
       5
       4
       3
       5
       7
       0
       2
       4
       3
       1
       2
       3
       0
       0
       1
       1
       2
       4
       1
       2
       0
       2
       0
       0
       0
       4
       2
       0
       1
       4
       1
       0
       1
       0
       4
       4
       2
       2
       3
       1
       1
       0
       1
       1
       2
       1
       1
       1
       1
       0
       2
       0
       2
       3
       2
       2
       0
       1
       0
       3
       0
       0
       2
       1
       0
       0
       2
       1
       1
       0
       0
       0
       0
       1
       0
       2
       1
       0
       0
       0
       0
       0
       2
       1
       0
       2
       1
       0
       0
       0
       1
       0
       1
       1
       1
       1
       0
       0
       1
       1
       0
       0
       1
       0
       1
       1
       0
       0
       1
       2
       1
       2
       1
       1
       2
       0
       1
       2
       1
       1
       1
       1
       1
       2
       1
       0
       0
       0
       0
       2
       1
       2
       0
       1
       0
       1
       0
       1
       2
       1
       1
       2
       1
       1
       0
       0
       1
       0
       3
       1
       2
       2
       2
       0
       0
       2
       1
       3
       1
       0
       0
       3
       3
       1
       2
       1
       1
       2
       0
       0
       4
       1
       0
       2
       3
       2
       1
       1
       3
       1
       1
       1
       3
       2
       2
       1
       4
       3
       1
       1
       0
       2
       2
       2
       0
       1
       2
       1
       2
       0
       0
       0
       2
       2
       0
       0
       0
       1
       0
       0
       2
       0
       0
       0
       2
       2
       1
       0
       1
       0
       0
       2
       0
       1
       1
       0
       1
       2
       0
       0
       2
       1
       1
       0
       0
       0
       1
       1
       0
       0
       0
       1
       1
       1
       0
       1
       1
       0
       0
       1
       1
       0
       0
       0
       0
       1
       0
       0
       0
       0
       0
       0
       0
       0
       0
       1
       0
       1
       0
       0
       0
       0
       0
       2
       1
       1
       0
       1
       1
       0
       0
       0
       0
       1
       0
       0
       0
       0
       1
       0
       3
       0
       1
       1
       0
       1
       0
       0
       1
       0
       2
       1
       1
       1
       1
       1
       0
       1
       3
       1
       1
       2
       1
       1
       1
       0
       0
       1
       1
       0
       1
       0
       0
       1
       0
       2
       1
       1
       0
       1
       1
       0
       0
       0
       0
       1
       0
       1
       0
       2
       0
       1
       1
       1
       0
       0
       0
       1
       0
       1
       1
       3
       0
       0
       1
       0
       1
       1
       0
       2
       0
       1
       1
       1
       1
       0
       1
       1
       2
       0
       1
       3
       1
       0
       0
       1
       2
       1
       1
       1
       0
       0
       3
       0
       1
       0
       1
       0
       2
       1
       1
       0
       1
       0
       2
       0
       0
       1
       0
       1
       1
       2
       0
       0
       0
       0
       1
       2
       0
       0
       0
       0
       0
       0
       0
       0
       0
       0
       1
       1
       0
       0
       1
       1
       1
       0
       0
       0
       3
       2
       1
       3
       2
       1
       0
       0
       3
       1
       0
       0
       1
       2
       0
       0
       0
       0
       0
       0
       0
       0
       0
       1
       0
       0
       0
       0
       1
       0
       2
       0
       0
       2
       0
       1
       1
       1
       1
       0
       1
       0
       1
       1
       0
       1
       0
       0
       0
       2
       0
       1
       0
       0
       0
       0
       1
       0
       0
       1
       0
       1
       0
       1
       0
       1
       0
       0
       1
       0
       0
       0
       0
       1
       0
       0
       0
       0
       0
       0
       0
       0
       2
       0
       0
       0
       0
       0
       0
       0
       2
       1
       0
       0
       0
       0
       0
       0
       1
       0
       0
       2
       0
       0
       0
       0
       0
       0
       1
       0
       0
       0
       1
       1
       0
       0
       0
       0
       0
       0
       0
       0
       0
       0
       0
       0
       1
       1
       0
       0
       1
       0
       0
       0
       1
       0
       1
       0
       0
       1
       0
       0
       0
       0
       2
       0
       0
       0
       0
       0
       1
       0
       0
       0
       0
       0
       0
       1
       0
       0
       0
       0
       0
       0
       0
       1
       0
       0
       0
       0
       0
       0
       0
       0
       0
       0
       0
       0
       0
       0
       0
       0
       0
       0
       0
       0
       0
       1
       1
       0
       0
       0
       0
       0
       0
       0
       0
       0
       0
       2
       1
       1
       0
       1
       1
       1
       0
       1
       1
       3
       1
       1
       1
       2
       3
       0
       2
       0
       0
       0
       2
       1
       2
       1
       1
       0
       1
       3
       2
       1
       0
       3
       2
       1
       1
       1
       1
       0
       2
       2
       0
       1
       2
       0
       1
       1
       1
       1
       0
       1
       0
       1
       0
       1
       1
       0
       2
       0
       1
       0
       1
       0
       0
       2
       0
       0
       1
       0
       0
       1
       0
       1
       0
       1
       0
       0
       0
       0
       0
       0
       0
       1
       0
       0
       1
       0
       0
       1
       0
       1
       1
       0
       1
       0
       0
       0
       0
       0
       0
       0
       0
       1
       1
       1
       0
       0
       0
       0
       0
       1
       0
       1
       2
       0
       0
       1
       0
       0
       0
       1
       1
       0
       0
       0
       1
       2
       0
       0
       0
       0
       0
       0
       0
       0
       0
       0
       1
       1
       1
       1
       0
       1
       0
       0
       1
       0
       0
       0
       0
       0
       0
       0
       1
       0
       0
       0
       0
       0
       0
       1
       0
       0
       0
       1
       1
       0
       0
       0
       0
       0
       0
       0
       0
       0
       0
       0
       0
       0
       0
       0
       0
       0
       0
       0
       0
       0
       1
       0
       0
       0
       1
       0
       0
       0
       0
       0
       1
       0
       0
       0
       0
       0
       0
       0
       0
       0
       0
       0
       0
       0
       0
       0
       0
       0
       0
       0
       0
       0
       0
       0
       0
       0
       0
       0
       0
       0
       0
       0
       0
       0
       0
       0
       0
       0
       0
       0
       0
       0
       0
       0
       0
       0
       1
       0
       0
       0
       0
       0
       0
       0
       0
       0
       0
       0
       0
       0
       0
       0
       1
       0
       0
       0
       0
       0
       0
       0
       0
       0
       0
       0
       0
       0
       0
       0
       1
       1
       0
       1
       0
       0
       0
       0
       0
       0
       0
       0
       0
       0
       0
       0
       0
       0
       0
       0
       0
       0
       1
       0
       0
       0
       0
       0
       0
       1
       0
       0
       0
       0
       0
       0
       0
       0
       0
       0
       0
       0
       0
       0
       0
       0
       0
       0
       0
       0
       0
       0
       0
       0
       0
       0
       0
       0
       0
       0
       0
       0
       0
       0
       0
       0
       0
       0
       0
       0
       0
       1
       0
       1
       0
       0
       0
       0
       0
       0
       0
       0
       0
       0
       1
       0
       0
       0
       0
       0
       0
       0
       0
       0
       0
       0
       0
       0
       0
       0
       0
       0
       0
       0
       0
       0
       0
       0
       0
       0
       0
       0
       0
       0
       0
       0
       0
       0
       0
       0
       0
       0
       0
       0
       0
       0
       0
       0
       0
       0
       0
       0
       0
       0
       0
       0
       0
       0
       0
       0
       0
       0
       0
       0
       0
       0
       0
       0
       0
       0
       0
       0
       0
       0
       0
       0
       0
       0
       0
       0
       0
       0
       0
       0
       0
       0
       0
       0
       0
       0
       0
       0
       0
       0
       0
       0
       0
       0
       0
       0
       0
       0
       0
       0
       0
       0
       0
       0
       0
       0
       0
       0
       0
       0
       0
       0
       0
       0
       0
       0
       0
       0
       0
       0
       0
       0
       0
       0
       0
       0
       0
       0
       0
       0
       0
       0
       0
       0
       0
       0
       0
       0
       0
       0
       0
       0
       0
       0
       0
       0
       0
       0
       0
       0
       0
       0
       0
       0
       0
       0
       0
       0
       0
       0
       0
       0
       0
       0
       0
       0
       0
       0
       0
       0
       0
       0
       0
       0
       0
       0
       0
       0
       0
       0
       0
       0
$ROI:
5
471 536
564 647
763 844
1001 1090
1573 1669
$PRESETS:
Real Time
60
0
$ENER_FIT:
-20.212013 1.714672
$MCA_CAL:
3
-2.021201E+001 1.714672E+000 4.288640E-006 keV
$SHAPE_CAL:
3
1.158210E+001 3.853783E-002 -7.560620E-006
