$SPEC_ID:
This is spectrum 025
$SPEC_REM:
DET# 1
DETDESC# CK155-04 Easy-MCA-2k SN 12292282
AP# Maestro Version 7.01
$DATE_MEA:
02/17/2022 13:45:47
$MEAS_TIM:
59 60
$DATA:
0 2047
       0
       0
       0
       0
       0
       0
       0
       0
       0
       0
       0
       0
       0
       1
      19
      17
      23
      25
      28
      31
      24
      35
      28
      30
      34
      28
      35
      34
      34
      33
      37
      36
      40
      34
      46
      48
      55
      54
      67
      58
      61
      64
      70
      83
      77
     109
      93
     114
     116
     110
     111
     123
     138
     116
     128
     132
     120
     141
     133
     146
     138
     140
     147
     149
     136
     156
     161
     162
     160
     165
     137
     137
     167
     150
     140
     175
     171
     147
     146
     151
     154
     158
     136
     155
     152
     128
     146
     152
     125
     130
     150
     133
     135
     124
     122
     138
     121
     133
     135
     111
     129
     123
     107
     121
     117
     109
      90
     109
     122
     114
     119
     104
     115
     103
     107
     101
      95
      80
     109
     111
      91
      76
      84
      98
     104
      95
      91
      87
      83
      91
      74
      93
      84
      89
      80
      94
      77
      66
      90
      89
      89
      81
      80
      83
      79
      71
      72
      86
      64
      73
      75
      71
      74
      66
      56
      59
      61
      49
      65
      52
      40
      55
      58
      58
      58
      52
      64
      63
      57
      51
      49
      47
      50
      49
      56
      52
      40
      53
      49
      42
      43
      39
      35
      47
      36
      41
      42
      43
      45
      42
      48
      33
      56
      42
      44
      40
      37
      43
      32
      47
      34
      41
      34
      42
      31
      37
      29
      32
      41
      28
      31
      35
      38
      26
      46
      33
      45
      30
      32
      29
      22
      33
      31
      37
      28
      21
      39
      30
      20
      23
      20
      31
      27
      21
      16
      32
      28
      27
      16
      16
      18
      17
      20
      21
      21
      23
      23
      21
      30
      22
      23
      21
      14
      20
      21
      18
      24
      21
      14
      26
      27
      28
      23
      20
      24
      16
      13
      24
      13
      22
      17
      25
      13
      20
      16
      18
      21
      24
      13
      24
      16
      15
      11
      18
      14
      19
      17
      20
      13
       8
      21
      14
      10
      27
      12
      20
      17
      11
      21
      10
      17
      20
      19
      25
      23
      18
      16
      19
      16
      13
      21
      21
      18
      19
      17
      16
      18
      19
      11
      19
      20
      17
      20
      13
       9
      14
      20
      13
      23
      14
       9
      15
      16
      15
      21
       6
      20
      17
      19
       8
      17
      12
      17
      17
      21
      13
      13
      22
      13
      10
      13
      21
      11
      13
      11
      18
      19
       9
      16
      14
      17
      15
      10
       9
      12
      16
      15
      15
      11
       8
       8
       9
      17
      15
      18
      12
      12
       4
       8
      12
       8
      11
      11
       7
       9
      14
      13
       8
       7
       5
       5
       4
       7
      12
       8
      10
       5
      10
       4
      16
      10
       7
       7
      11
      16
       5
       7
       7
       7
      16
       6
       7
      12
      12
       7
       9
       4
       8
       9
       3
      11
       7
       8
       9
       5
       8
       7
       8
       7
       5
       9
       7
      11
       8
      14
       6
      10
      10
      17
      12
       9
       6
      10
       7
       6
       7
      11
       6
       6
       9
      12
       8
       7
      10
       7
       4
       6
      12
       7
      11
       7
      13
       7
       9
       5
      11
       6
       6
       5
       3
      11
       8
      10
       3
       8
       8
       5
      12
      10
       9
       2
       7
       4
       9
       8
      12
       7
      10
       9
      14
      13
       6
      17
       9
       6
       4
      11
      16
      18
      11
      12
      17
      12
      17
      12
      13
       9
      13
      13
      22
      12
      14
      14
       6
      15
       6
       8
       7
      11
      14
      10
      14
      12
      12
       7
      10
      10
       5
       5
       8
       5
       8
       5
       6
      10
       4
      10
       5
      13
       5
       7
       3
       8
       6
       8
       2
       8
       6
       8
       8
       2
       8
       3
       5
       7
       3
       9
       5
       2
       6
       6
       6
       7
       5
       7
       7
       5
       8
       6
       4
       6
       2
       8
       7
       4
       7
       2
       5
       9
       3
       9
       4
       6
       6
       4
       5
       7
       5
       8
       6
       7
       7
       8
       6
       6
       6
       5
       9
       9
       7
       3
       8
       4
       9
       3
       6
       6
       4
       5
      11
       4
      12
      10
      11
       7
       6
       6
       8
       7
       5
       3
       4
       7
       5
       3
       5
       6
       2
       5
       5
       7
       3
       6
       6
       6
       6
       4
       7
       7
       4
       5
       6
       5
       5
       3
       4
       3
       6
       5
       3
       1
       3
       6
       3
       5
       1
       5
       9
       2
       5
       3
       9
       5
       4
       6
       5
       2
       3
       1
       6
       8
       4
       3
       3
       3
       2
       3
       1
       2
       3
       1
       5
       4
       2
       3
       2
       4
       4
       5
       2
       4
       3
       5
       3
       3
       3
       3
       1
       3
       4
       1
       5
       6
       3
       3
       5
       7
       2
       5
       4
       5
       5
       3
       6
       3
       1
       2
       1
       5
       2
       1
       2
       3
       0
       3
       4
       3
       2
       3
       2
       6
       4
       3
       0
       4
       3
       3
       2
       3
       3
       1
       4
       5
       2
       2
       0
       8
       1
       1
       2
       1
       3
       2
       6
       4
       2
       1
       2
       4
       2
       2
       1
       4
       3
       2
       1
       1
       3
       3
       1
       2
       6
       2
       3
       2
       1
       2
       6
       1
       2
       2
       0
       3
       3
       2
       3
       0
       3
       2
       2
       3
       5
       3
       3
       3
       3
       6
       7
       2
       3
       2
       1
       3
       4
       3
       2
       3
       2
       2
       5
       2
       6
       4
       3
       4
       7
       3
       6
       4
       4
       2
       3
       0
       1
       4
       3
       2
       2
       4
       1
       6
       3
       4
       7
       8
       7
       4
       3
       6
       9
       6
      10
      12
       5
      10
       4
       5
      10
       8
       5
      10
      12
       8
       6
      11
       6
      10
      11
       7
      10
       7
      15
       7
       6
      13
      13
       5
       4
      13
       5
       8
       9
       5
      10
       6
       7
       3
       3
       5
       7
       5
       5
       1
       2
       6
       1
       5
       4
       1
       6
       1
       4
       7
       4
       2
       3
       1
       4
       1
       2
       2
       1
       1
       1
       2
       0
       5
       3
       0
       0
       1
       3
       0
       0
       1
       0
       2
       0
       1
       0
       0
       0
       3
       1
       4
       0
       1
       1
       0
       3
       2
       0
       1
       1
       1
       1
       0
       1
       0
       3
       0
       3
       0
       1
       1
       0
       0
       0
       2
       1
       0
       4
       1
       0
       1
       2
       1
       0
       1
       1
       1
       1
       2
       1
       1
       1
       0
       2
       1
       2
       1
       1
       0
       1
       1
       0
       0
       1
       2
       1
       0
       1
       1
       1
       0
       0
       2
       1
       0
       0
       0
       0
       1
       2
       0
       0
       0
       1
       0
       0
       1
       3
       0
       0
       1
       1
       2
       0
       0
       0
       0
       1
       0
       3
       1
       0
       2
       1
       1
       2
       2
       5
       5
       0
       0
       0
       1
       1
       3
       0
       2
       0
       2
       0
       0
       0
       1
       0
       0
       1
       1
       1
       0
       0
       2
       0
       0
       0
       2
       1
       2
       2
       1
       2
       1
       0
       0
       2
       3
       0
       2
       1
       0
       0
       2
       1
       2
       1
       0
       2
       1
       1
       1
       1
       1
       4
       0
       0
       2
       1
       0
       0
       1
       3
       1
       1
       1
       1
       1
       1
       3
       0
       0
       0
       1
       1
       0
       1
       0
       1
       0
       1
       0
       1
       1
       0
       1
       0
       1
       1
       0
       0
       1
       0
       0
       0
       2
       0
       1
       0
       1
       0
       1
       0
       0
       0
       0
       2
       0
       0
       1
       0
       0
       2
       3
       1
       0
       0
       0
       0
       0
       0
       0
       2
       0
       0
       0
       2
       0
       0
       0
       1
       0
       0
       0
       0
       0
       0
       0
       2
       1
       0
       1
       0
       0
       1
       2
       0
       1
       0
       0
       0
       0
       0
       1
       3
       0
       0
       0
       0
       0
       0
       0
       0
       0
       1
       1
       1
       0
       0
       0
       1
       0
       0
       0
       1
       1
       0
       0
       0
       0
       0
       0
       0
       2
       0
       1
       0
       0
       0
       0
       0
       1
       2
       0
       0
       0
       0
       1
       1
       1
       0
       1
       2
       0
       0
       0
       0
       1
       0
       1
       3
       0
       0
       0
       1
       0
       0
       1
       0
       2
       0
       0
       0
       4
       3
       1
       0
       2
       1
       2
       0
       2
       2
       0
       1
       0
       1
       1
       0
       1
       1
       1
       0
       1
       0
       1
       0
       2
       1
       0
       0
       1
       2
       0
       0
       0
       3
       1
       0
       0
       1
       2
       0
       0
       1
       1
       0
       0
       0
       1
       1
       1
       1
       1
       0
       1
       0
       1
       0
       0
       0
       2
       1
       2
       1
       2
       1
       1
       0
       0
       0
       0
       0
       0
       0
       0
       1
       0
       1
       0
       0
       1
       0
       0
       1
       0
       0
       0
       1
       1
       0
       3
       0
       0
       0
       1
       0
       1
       0
       0
       1
       0
       0
       0
       2
       0
       0
       1
       0
       1
       0
       2
       0
       1
       0
       1
       0
       1
       0
       0
       0
       0
       1
       0
       0
       0
       0
       1
       0
       1
       0
       0
       0
       0
       0
       1
       0
       0
       2
       0
       1
       2
       1
       0
       0
       0
       0
       1
       0
       1
       0
       0
       1
       1
       0
       1
       0
       0
       0
       0
       0
       0
       0
       2
       0
       0
       1
       0
       1
       0
       0
       0
       0
       1
       1
       1
       0
       0
       1
       0
       0
       0
       0
       0
       1
       0
       3
       0
       0
       1
       0
       1
       0
       0
       0
       0
       2
       0
       0
       0
       0
       0
       0
       0
       0
       0
       1
       0
       0
       0
       0
       0
       0
       0
       0
       0
       0
       1
       0
       0
       0
       0
       0
       0
       0
       0
       1
       1
       0
       1
       0
       0
       0
       0
       0
       0
       0
       0
       1
       0
       1
       0
       0
       0
       1
       0
       1
       0
       0
       1
       0
       0
       0
       0
       0
       0
       0
       0
       1
       1
       0
       2
       2
       1
       0
       0
       0
       0
       0
       0
       0
       0
       1
       0
       1
       0
       1
       1
       0
       1
       0
       0
       0
       1
       1
       0
       2
       2
       0
       2
       0
       0
       2
       0
       2
       2
       1
       0
       2
       1
       2
       0
       2
       0
       3
       0
       1
       1
       1
       2
       0
       2
       0
       2
       0
       0
       0
       1
       0
       1
       1
       0
       0
       1
       1
       2
       0
       0
       1
       1
       1
       0
       3
       0
       0
       0
       1
       0
       0
       0
       0
       0
       0
       1
       0
       1
       1
       0
       0
       0
       1
       0
       0
       0
       0
       0
       0
       0
       0
       0
       1
       0
       0
       0
       0
       0
       1
       0
       1
       0
       1
       1
       1
       1
       0
       1
       0
       0
       1
       1
       0
       1
       0
       0
       0
       1
       0
       0
       0
       0
       1
       0
       0
       1
       0
       1
       0
       0
       2
       0
       0
       0
       0
       0
       0
       0
       0
       0
       0
       0
       0
       0
       0
       0
       0
       0
       0
       0
       0
       0
       0
       0
       0
       0
       0
       0
       0
       1
       0
       0
       1
       0
       0
       1
       0
       0
       0
       0
       0
       0
       0
       0
       0
       0
       0
       0
       0
       0
       0
       0
       0
       0
       0
       0
       0
       0
       0
       0
       0
       0
       0
       0
       0
       0
       0
       0
       0
       0
       0
       0
       0
       0
       0
       0
       0
       0
       0
       0
       0
       0
       0
       0
       0
       1
       0
       0
       0
       0
       0
       0
       0
       0
       0
       0
       0
       0
       0
       0
       0
       0
       0
       0
       0
       0
       0
       0
       1
       0
       0
       0
       0
       0
       0
       0
       0
       0
       0
       0
       0
       0
       0
       0
       0
       0
       0
       0
       0
       0
       0
       0
       0
       0
       0
       0
       0
       0
       0
       0
       0
       0
       0
       0
       0
       0
       0
       0
       0
       0
       0
       0
       0
       0
       0
       0
       0
       0
       0
       0
       0
       0
       0
       0
       0
       0
       0
       0
       0
       0
       1
       0
       0
       0
       0
       0
       0
       0
       0
       0
       0
       0
       0
       0
       0
       0
       0
       0
       0
       0
       0
       0
       0
       0
       0
       0
       0
       0
       0
       0
       0
       0
       0
       0
       0
       0
       0
       0
       0
       0
       0
       0
       0
       0
       0
       0
       0
       0
       0
       0
       0
       0
       0
       0
       0
       0
       0
       0
       0
       0
       0
       0
       0
       0
       0
       0
       0
       0
       0
       0
       0
       0
       0
       0
       0
       0
       0
       0
       0
       0
       0
       0
       0
       0
       0
       0
       0
       0
       0
       0
       0
       0
       0
       0
       0
       0
       0
       0
       0
       0
       0
       0
       0
       0
       0
       0
       0
       0
       1
       0
       0
       0
       0
       0
       0
       0
       0
       0
       0
       0
       0
       0
       0
       0
       0
       0
       0
       0
       0
       0
       0
       0
       0
       0
       0
       0
       0
       0
       0
       0
       0
       0
       0
       0
       0
       0
       0
       0
       0
       0
       0
       0
       0
       0
       0
       0
       0
       0
       0
       0
       0
       0
       0
       0
       0
       0
       0
       0
       0
       0
       0
       0
       0
       0
       0
       0
       0
       0
       0
       0
       0
       0
       0
       0
       0
       0
       0
       0
       0
       0
       0
       0
       0
       0
       0
       0
       0
       0
       0
       0
       0
       0
       0
       0
       0
       0
       0
       0
       0
       0
       0
       0
       0
       0
       0
       0
       0
       0
       0
       0
       0
       0
       0
       0
       0
       0
       0
       0
       0
       0
       0
       0
       0
       0
       0
       0
       0
       0
       0
$ROI:
5
471 536
564 647
763 844
1001 1090
1573 1669
$PRESETS:
Real Time
60
0
$ENER_FIT:
-20.212013 1.714672
$MCA_CAL:
3
-2.021201E+001 1.714672E+000 4.288640E-006 keV
$SHAPE_CAL:
3
1.158210E+001 3.853783E-002 -7.560620E-006
