$SPEC_ID:
No sample description was entered.
$SPEC_REM:
DET# 1
DETDESC# CK155-12 Easy-MCA-2k SN 11080666
AP# Maestro Version 7.01
$DATE_MEA:
03/17/2022 14:35:00
$MEAS_TIM:
300 300
$DATA:
0 2047
       0
       0
       0
       0
       0
       1
       0
       0
       0
       1
      87
      74
      83
      80
      82
      77
      96
      87
      96
      90
      96
      79
      99
      97
      75
     105
     104
     102
     101
     106
     124
     116
     116
     114
     141
     115
     130
     116
     146
     111
     142
     147
     153
     156
     145
     144
     146
     148
     162
     165
     179
     175
     182
     201
     208
     215
     229
     250
     225
     267
     271
     266
     297
     290
     335
     327
     320
     367
     334
     397
     354
     432
     428
     418
     436
     504
     459
     519
     491
     478
     530
     511
     569
     565
     536
     565
     530
     543
     517
     570
     582
     613
     573
     590
     574
     610
     668
     639
     630
     613
     590
     594
     661
     607
     612
     650
     613
     615
     633
     603
     634
     591
     638
     613
     624
     647
     619
     601
     641
     677
     606
     596
     571
     629
     583
     622
     539
     608
     572
     622
     577
     611
     587
     565
     571
     599
     551
     533
     561
     561
     547
     551
     518
     508
     508
     536
     561
     514
     503
     491
     471
     495
     496
     483
     459
     490
     491
     475
     499
     454
     493
     490
     485
     485
     455
     453
     463
     485
     487
     475
     425
     437
     419
     427
     421
     449
     453
     445
     403
     468
     393
     366
     371
     401
     400
     411
     394
     407
     394
     344
     353
     386
     380
     364
     357
     367
     356
     350
     345
     391
     356
     347
     333
     347
     343
     332
     344
     334
     347
     357
     338
     344
     359
     309
     312
     296
     322
     284
     290
     270
     308
     308
     289
     279
     257
     260
     275
     248
     248
     244
     225
     227
     225
     283
     217
     233
     217
     219
     235
     218
     224
     225
     235
     206
     220
     210
     230
     230
     206
     213
     211
     200
     176
     215
     199
     197
     219
     218
     202
     178
     207
     201
     203
     183
     188
     162
     193
     179
     171
     150
     167
     167
     164
     161
     176
     153
     175
     154
     165
     154
     155
     160
     146
     161
     156
     151
     145
     142
     130
     154
     150
     143
     143
     136
     154
     131
     155
     140
     126
     164
     135
     141
     125
     122
     142
     135
     128
     142
     139
     115
     149
     135
     127
     113
     134
     111
     124
     113
     128
     112
     121
     114
     126
     107
     106
     114
     109
      93
      88
     110
     108
     125
      73
      92
     102
      87
      98
     108
      96
      91
      90
     103
     111
      89
      97
      97
      92
      85
      85
      90
      82
      79
      89
      87
      97
      76
      69
      93
      79
      70
      83
      88
      93
      74
      65
      93
      62
      77
      75
      65
      94
      66
      75
      76
      71
      63
      63
      69
      77
      75
      70
      81
      69
      67
      65
      76
      71
      66
      77
      73
      46
      66
      81
      80
      67
      63
      66
      68
      65
      61
      67
      91
      62
      63
      64
      60
      57
      77
      72
      60
      72
      69
      73
      67
      58
      74
      74
      76
      64
      52
      85
      61
      65
      57
      59
      71
      79
      54
      58
      62
      70
      56
      66
      67
      60
      77
      52
      61
      63
      60
      53
      70
      75
      63
      60
      86
      65
      47
      47
      54
      89
      60
      68
      44
      60
      52
      65
      60
      58
      57
      58
      57
      61
      70
      67
      60
      60
      58
      59
      68
      54
      47
      42
      46
      50
      60
      42
      60
      52
      55
      66
      52
      37
      59
      35
      50
      45
      43
      64
      49
      51
      53
      58
      52
      71
      65
      43
      52
      53
      62
      56
      51
      44
      51
      51
      50
      65
      50
      61
      45
      58
      59
      36
      64
      68
      62
      54
      70
      65
      45
      53
      48
      59
      72
      56
      54
      56
      50
      59
      60
      48
      43
      46
      42
      33
      36
      46
      40
      35
      43
      41
      41
      53
      40
      33
      30
      25
      39
      34
      35
      35
      34
      34
      29
      37
      36
      34
      40
      38
      33
      35
      37
      40
      31
      22
      29
      44
      31
      27
      35
      39
      30
      40
      31
      33
      29
      40
      26
      43
      40
      34
      34
      26
      28
      26
      36
      32
      17
      30
      44
      36
      24
      33
      31
      22
      29
      27
      31
      33
      28
      28
      30
      31
      30
      21
      27
      27
      27
      34
      26
      21
      24
      24
      29
      39
      38
      32
      20
      34
      17
      29
      21
      26
      12
      21
      27
      33
      27
      30
      28
      27
      23
      34
      34
      27
      25
      28
      27
      29
      26
      21
      32
      28
      30
      31
      29
      29
      38
      33
      39
      29
      36
      22
      23
      33
      39
      23
      24
      27
      31
      28
      26
      22
      26
      27
      27
      30
      37
      25
      22
      20
      29
      27
      26
      33
      27
      26
      30
      36
      21
      32
      24
      26
      25
      24
      24
      32
      11
      28
      24
      26
      14
      24
      25
      28
      17
      23
      20
      25
      24
      21
      17
      17
      21
      21
      32
      25
      23
      27
      24
      17
      22
      18
      28
      26
      28
      21
      17
      28
      33
      19
      26
      21
      28
      23
      22
      20
      23
      21
      23
      21
      16
      26
      28
      17
      20
      21
      22
      24
      23
      26
      17
      23
      22
      22
      25
      14
      24
      18
      31
      27
      21
      22
      21
      35
      28
      23
      26
      28
      29
      31
      25
      24
      24
      24
      22
      28
      23
      20
      19
      24
      27
      28
      24
      25
      20
      30
      31
      27
      32
      30
      22
      31
      30
      24
      24
      24
      26
      25
      26
      20
      29
      25
      26
      12
      25
      20
      23
      25
      18
      34
      25
      22
      17
      12
      25
      28
      22
      24
      15
      18
      13
      18
      24
      26
      21
      25
      23
      22
      20
      26
      22
      25
      10
      23
      21
      29
      17
      32
      13
      23
      19
      23
      16
      19
      17
      15
      13
      18
      22
      18
      24
      25
      17
      19
      15
      20
      18
      15
      11
      16
      18
      15
      21
      20
      19
      20
      22
      17
      21
      16
      11
      22
      10
      17
      17
      12
      14
      12
      14
      14
      16
      13
      11
      14
      18
      16
      12
      20
      12
      15
      12
      16
      12
      15
      20
      13
      15
      13
      13
      16
       9
      15
       9
      17
      14
      15
      11
      14
       7
      24
      12
      11
      19
      17
      21
      11
      11
      14
      13
      21
      11
      18
      13
      23
      16
      13
      12
      20
      13
      17
      18
      14
      11
      11
      16
      21
      11
      19
      15
       7
      14
      18
      19
      11
       8
      12
      14
      12
      12
      17
      16
       9
      10
       9
      15
      14
      17
      22
      14
      17
      20
      12
      22
      12
      13
      11
      21
      16
      19
      16
      15
      18
      15
      14
      10
      15
      15
       9
      15
       9
      18
      12
       8
      16
      13
       9
      11
      14
      11
       7
      16
      18
      13
      15
      13
      15
       9
      14
      17
       9
       6
      19
      15
      16
      15
      19
      12
      13
       5
       9
      19
      10
      10
      11
       9
       9
      13
      10
      12
      10
       5
      10
      12
      12
       8
      11
      13
      11
       8
      13
       7
       8
      17
       8
       9
       8
      11
      19
      11
       7
      12
      10
      14
       8
       8
       9
       3
       8
       5
      11
      10
       8
      14
      17
       7
      12
      10
       4
       7
      12
      11
       9
       8
      11
       5
       8
      13
      13
      10
      10
       7
      11
       6
      10
       7
      12
       9
      13
       6
       9
      10
       6
      12
      12
       8
       7
      10
      11
      16
       9
       8
       8
       9
       8
       5
       7
      12
       9
       5
      12
       7
       8
      11
       7
       6
       9
      13
       7
       9
      10
      11
       7
       9
       5
       6
       5
       5
      13
       6
       7
       9
       5
       9
       8
       9
      10
       4
       7
       2
       4
       9
       6
      11
       8
       7
       7
      11
       2
       5
       2
       8
      10
       3
       5
       4
       3
      11
       8
       9
       5
       7
       9
       8
       7
       7
       5
      11
      11
       9
       7
       5
      11
       7
       5
       5
       8
      10
      10
       5
       8
       4
       7
       7
       8
       7
       5
       9
      12
       6
       9
      15
      11
       8
       4
       7
      16
       5
      13
       8
      11
      17
      14
       9
       8
       9
      15
      15
      12
      10
      16
      16
      11
      14
       9
      17
       8
       9
      15
      22
      23
      17
      14
      16
      17
      15
      12
      25
      18
      16
      25
      21
      11
      18
      23
      18
      21
      15
      22
      22
      17
      20
      24
      22
      19
      19
      24
      18
      21
      16
      16
      32
      17
      28
      24
      29
      15
      20
      26
      24
      20
      28
      22
      23
      30
      22
      29
      27
      23
      26
      28
      25
      25
      36
      19
      29
      23
      18
      25
      19
      23
      20
      35
      21
      24
      17
      21
      14
      14
      10
      11
      26
      17
      12
      11
       7
      16
      17
      12
      14
      14
      13
      13
      18
      11
      16
      14
      10
       8
       9
       9
      14
       3
      10
       6
       1
       8
      14
       9
       7
       2
      10
       6
       7
       5
       2
       5
       5
       9
       5
       3
       4
       5
       5
       5
       5
       4
       6
       6
       4
      10
       2
       6
       3
       5
       7
       2
       5
       4
       8
       7
       1
       1
       4
       4
       5
       4
       2
       2
       5
       2
       1
       3
       4
       4
       5
       8
       6
       2
       3
       5
       2
       4
       5
       2
       3
       2
       1
       1
       3
       3
       4
       5
       3
       6
       5
       0
       5
       3
       5
       2
       2
       1
       3
       3
       6
       3
       3
       6
       5
       3
       3
       5
       5
       2
       4
       3
       5
       4
       2
       2
       2
       2
       5
       5
       2
       2
       4
       5
       2
       1
       4
       5
       3
       5
       2
       4
       4
       2
       3
       1
       4
       4
       4
       5
       1
       1
       2
       3
       3
       3
       1
       3
       5
       3
       2
       4
       2
       3
       3
       3
       5
       3
       2
       2
       5
       3
       4
       3
       0
       8
       2
       3
       8
       1
       1
       3
       7
       2
       7
       1
       8
       5
       2
       2
       6
       2
       7
       2
       3
       4
       4
       1
       3
       6
       3
       4
       5
       3
       3
       3
       6
       2
       6
       4
       2
       5
       6
       8
       9
       2
       5
       6
      10
       2
       4
       3
       3
       4
       5
       9
       4
       4
       3
       7
       5
      11
       5
       1
       2
       9
       6
       9
       6
       5
       6
       1
       5
       7
       4
       4
       2
       2
       3
       3
       5
       5
       6
       4
       5
       3
       2
       7
       5
       7
       2
       4
       2
       6
       6
       2
      10
       1
       2
       4
       0
       1
       3
       3
       5
       7
       3
       4
       5
       4
       1
       4
       1
       3
       2
       7
       3
       5
       3
       3
       1
       4
       4
       2
       2
       2
       4
       1
       1
       1
       1
       2
       1
       2
       1
       1
       2
       2
       4
       3
       3
       1
       2
       1
       5
       2
       2
       8
       1
       1
       6
       2
       3
       3
       2
       1
       1
       4
       2
       2
       2
       3
       4
       1
       1
       0
       2
       1
       4
       2
       1
       4
       4
       4
       3
       1
       4
       1
       2
       6
       1
       2
       3
       2
       4
       4
       4
       8
       1
       3
       2
       6
       3
       5
       3
       2
       2
       3
       2
       4
       1
       1
       3
       5
       1
       6
       5
       8
       3
       3
       4
       2
       3
       5
       2
       3
       3
       2
       4
       4
       0
       4
       7
       3
       5
       4
       4
       1
       3
       2
       2
       3
       3
       0
       5
       2
       4
       2
       0
       6
       4
       7
       8
       4
       7
       5
       3
       8
       4
       2
       3
       8
       3
       6
       3
       5
       6
       5
       3
       7
      14
       3
       2
       3
       7
       5
       3
       5
       6
       2
       6
       3
       4
       5
       6
       6
       5
       7
       3
       2
       3
       3
       3
       1
       6
       3
       3
       5
       5
       2
       3
       3
       3
       4
       2
       4
       5
       6
       5
       3
       5
       2
       5
       2
       2
       1
       4
       7
       3
       8
       3
       4
       3
       2
       6
       2
       3
       0
       2
       2
       3
       5
       3
       2
       3
       1
       3
       3
       3
       1
       2
       4
       2
       3
       3
       1
       2
       1
       4
       3
       4
       2
       5
       0
       5
       2
       2
       6
       1
       4
       4
       4
       3
       3
       0
       0
       3
       4
       3
       1
       3
       3
       1
       3
       3
       5
       1
       3
       1
       6
       1
       3
       1
       0
       4
       2
       2
       0
       2
       1
       1
       0
       0
       4
       2
       2
       2
       4
       2
       2
       1
       0
       1
       1
       1
       1
       1
       0
       3
       3
       3
       3
       2
       3
       1
       1
       0
       0
       2
       1
       0
       3
       1
       3
       1
       3
       2
       1
       2
       0
       1
       2
       3
       0
       2
       5
       1
       5
       4
       2
       2
       2
       3
       3
       0
       4
       2
       2
       5
      10
       4
       2
       3
       5
       6
       3
       3
       8
      14
       5
      11
       4
       6
       4
       1
       0
       0
       0
       0
       0
       0
       0
       0
       0
       0
       0
       0
       0
       0
       0
       0
       0
       0
       0
       0
       0
       0
       0
       0
       0
       0
       0
       0
       0
       0
       0
       0
       0
       0
       0
       0
       0
       0
       0
       0
       0
       0
       0
       0
       0
       0
       0
       0
       0
       0
       0
       0
       0
       0
       0
       0
       0
       0
       0
       0
       0
       0
       0
       0
       0
       0
       0
       0
       0
       0
       0
       0
       0
       0
       0
       0
       0
       0
       0
       0
       0
       0
       0
       0
       0
       0
       0
       0
       0
       0
       0
       0
       0
       0
       0
       0
       0
       0
       0
       0
       0
       0
       0
       0
       0
       0
       0
       0
       0
       0
       0
       0
       0
       0
       0
       0
       0
       0
       0
       0
       0
       0
       0
       0
       0
       0
       0
       0
       0
       0
       0
       0
       0
       0
       0
       0
       0
       0
       0
       0
       0
       0
       0
       0
       0
       0
       0
       0
       0
       0
       0
       0
       0
       0
       0
       0
       0
       0
$ROI:
0
$PRESETS:
None
0
0
$ENER_FIT:
0.000000 1.000000
$MCA_CAL:
3
0.000000E+000 1.000000E+000 0.000000E+000 keV
$SHAPE_CAL:
3
1.000000E+000 0.000000E+000 0.000000E+000
