$SPEC_ID:
No sample description was entered.
$SPEC_REM:
DET# 1
DETDESC# CK155-12 Easy-MCA-2k SN 11080666
AP# Maestro Version 7.01
$DATE_MEA:
03/17/2022 14:41:52
$MEAS_TIM:
300 307
$DATA:
0 2047
       0
       0
       0
       3
       1
       1
       7
      18
      29
      54
    1919
    1173
    1064
    1132
    1082
    1182
    1170
    1217
    1283
    1251
    1279
    1322
    1436
    1381
    1371
    1559
    1686
    1907
    2492
    3583
    6118
    9470
   13464
   15626
   15308
   12948
    9508
    6888
    5181
    4059
    3053
    2387
    1840
    1548
    1476
    1398
    1446
    1420
    1463
    1412
    1463
    1506
    1473
    1472
    1492
    1523
    1531
    1594
    1559
    1670
    1594
    1641
    1630
    1606
    1655
    1624
    1673
    1662
    1716
    1821
    1768
    1819
    1890
    1843
    1878
    1906
    1940
    1939
    1906
    2028
    1999
    1975
    2039
    1994
    2196
    2130
    2199
    2118
    2130
    2266
    2090
    2175
    2188
    2134
    2153
    2186
    2172
    2205
    2156
    2204
    2351
    2180
    2287
    2129
    2242
    2301
    2294
    2245
    2379
    2359
    2256
    2421
    2467
    2463
    2377
    2493
    2516
    2509
    2441
    2444
    2622
    2556
    2551
    2571
    2626
    2547
    2510
    2636
    2606
    2600
    2601
    2570
    2614
    2631
    2664
    2567
    2608
    2540
    2530
    2487
    2529
    2602
    2533
    2550
    2505
    2487
    2611
    2527
    2524
    2533
    2524
    2496
    2489
    2540
    2483
    2496
    2455
    2436
    2441
    2632
    2534
    2530
    2616
    2569
    2666
    2678
    2838
    2676
    2878
    2800
    2804
    2974
    2930
    3003
    2986
    2958
    3012
    3074
    3036
    2985
    3029
    3057
    2995
    3014
    3086
    3160
    3143
    3092
    3063
    3133
    3007
    3176
    3230
    3156
    3176
    3259
    3316
    3273
    3194
    3262
    3274
    3171
    3227
    3132
    3218
    3215
    3334
    3307
    3266
    3283
    3171
    3199
    3150
    3239
    3242
    3206
    3005
    3049
    3082
    3047
    3039
    2906
    3015
    2912
    2928
    2939
    2910
    2855
    2813
    2894
    2818
    2779
    2750
    2709
    2707
    2665
    2622
    2610
    2584
    2554
    2562
    2463
    2514
    2421
    2444
    2396
    2365
    2396
    2414
    2301
    2322
    2310
    2264
    2257
    2225
    2232
    2080
    2159
    2143
    2124
    2175
    2141
    1989
    2038
    2037
    1995
    1948
    1878
    1964
    1898
    1958
    1911
    1895
    1863
    1857
    1832
    1734
    1795
    1723
    1749
    1705
    1773
    1696
    1693
    1677
    1686
    1624
    1631
    1648
    1640
    1660
    1573
    1654
    1508
    1597
    1570
    1464
    1556
    1599
    1534
    1449
    1554
    1487
    1433
    1529
    1458
    1433
    1407
    1461
    1419
    1400
    1383
    1531
    1322
    1372
    1439
    1366
    1370
    1384
    1370
    1341
    1406
    1375
    1346
    1367
    1357
    1294
    1367
    1346
    1359
    1384
    1385
    1315
    1318
    1350
    1314
    1314
    1286
    1247
    1327
    1338
    1317
    1308
    1309
    1278
    1296
    1320
    1352
    1273
    1299
    1261
    1338
    1338
    1324
    1342
    1354
    1409
    1326
    1279
    1309
    1408
    1396
    1415
    1365
    1384
    1345
    1400
    1348
    1399
    1377
    1350
    1380
    1421
    1409
    1405
    1362
    1389
    1396
    1408
    1362
    1393
    1406
    1416
    1367
    1421
    1353
    1326
    1384
    1370
    1317
    1307
    1268
    1201
    1273
    1213
    1233
    1161
    1197
    1141
    1148
    1096
    1057
    1019
     998
     974
     979
     979
     910
     886
     866
     812
     816
     764
     744
     730
     731
     663
     630
     597
     610
     561
     574
     520
     541
     475
     528
     510
     490
     474
     454
     420
     423
     406
     425
     422
     391
     377
     377
     371
     314
     362
     389
     333
     335
     312
     303
     323
     351
     273
     302
     266
     249
     234
     278
     266
     249
     279
     247
     233
     223
     225
     224
     217
     228
     187
     221
     207
     201
     227
     202
     215
     162
     185
     168
     214
     182
     184
     181
     171
     205
     185
     157
     162
     163
     187
     184
     155
     162
     185
     142
     172
     169
     155
     174
     163
     168
     169
     162
     193
     140
     157
     154
     158
     152
     190
     163
     194
     206
     188
     199
     198
     215
     213
     234
     240
     286
     271
     324
     355
     384
     420
     442
     488
     527
     621
     637
     791
     787
     857
     955
    1045
    1116
    1331
    1438
    1596
    1765
    1929
    2196
    2410
    2540
    2812
    2996
    3289
    3549
    3956
    4148
    4480
    4741
    5280
    5719
    5954
    6300
    6743
    7141
    7382
    7776
    8440
    8766
    9159
    9552
    9910
   10188
   10683
   10817
   11258
   11400
   11556
   11847
   11998
   11971
   12188
   12213
   12133
   12102
   12346
   11953
   12024
   11702
   11475
   11048
   10909
   10505
   10331
    9702
    9445
    8871
    8631
    8159
    7538
    7226
    6755
    6397
    5863
    5361
    5098
    4529
    4371
    3931
    3509
    3166
    2816
    2602
    2325
    2053
    1884
    1633
    1450
    1229
    1114
    1014
     897
     736
     655
     574
     458
     377
     354
     306
     251
     224
     169
     161
     132
     132
     118
     109
      97
      79
      71
      71
      53
      48
      46
      36
      52
      55
      39
      39
      54
      46
      47
      49
      28
      39
      31
      43
      42
      51
      38
      38
      40
      40
      35
      43
      33
      43
      35
      37
      37
      51
      38
      37
      44
      43
      38
      25
      41
      27
      35
      38
      36
      30
      47
      37
      44
      32
      37
      36
      30
      40
      37
      47
      38
      33
      32
      40
      40
      45
      34
      36
      47
      38
      27
      54
      24
      22
      35
      45
      36
      33
      27
      46
      30
      32
      34
      29
      39
      22
      36
      38
      24
      36
      44
      42
      34
      34
      26
      32
      32
      34
      31
      46
      25
      29
      34
      35
      24
      25
      28
      33
      27
      39
      34
      25
      29
      33
      29
      25
      30
      22
      26
      22
      36
      33
      33
      38
      31
      31
      26
      45
      31
      32
      31
      30
      25
      32
      36
      30
      31
      27
      30
      34
      24
      31
      36
      28
      32
      30
      27
      35
      26
      26
      36
      23
      34
      35
      22
      31
      35
      33
      29
      33
      29
      30
      33
      41
      32
      38
      29
      31
      29
      27
      25
      31
      31
      30
      30
      36
      32
      18
      20
      36
      27
      35
      33
      29
      21
      23
      31
      30
      28
      31
      26
      26
      30
      22
      31
      37
      27
      30
      29
      27
      31
      34
      23
      19
      30
      32
      27
      26
      25
      27
      30
      22
      30
      14
      15
      27
      21
      24
      26
      21
      28
      18
      24
      16
      24
      35
      13
      22
      21
      22
      20
      30
      18
      25
      15
      22
      17
      18
      25
      21
      29
      22
      14
      21
      27
      20
      22
      18
      21
      17
      17
      24
      12
      23
      16
      12
      20
      10
      15
       8
      16
      18
      18
      25
      16
      18
      14
      16
      25
      21
      10
      16
      20
      14
      23
      13
      21
      16
      25
      19
      13
      19
      25
      19
      16
      19
      21
      16
      24
      16
      14
      23
      26
      16
      23
      31
      20
      17
      14
      19
      15
      21
      10
      21
      20
      17
      19
      17
      11
      15
      15
      17
      22
      24
      19
      25
      20
      25
      17
      14
      12
      22
      15
      15
      20
      16
      10
      21
      15
      13
      19
      17
      19
      15
      15
      17
      17
      22
       8
      25
      14
      15
      25
      10
      13
      18
      17
      14
      15
      11
      17
      15
      15
      20
      15
      21
       8
       6
      11
      15
      16
      12
      18
      18
       8
      12
      13
      10
      25
      12
      17
       8
      15
      13
      14
      10
      12
      14
      12
      22
       8
      18
      16
       9
      22
      16
      13
      17
      11
      17
      21
      17
      17
      12
      16
      17
      10
      16
      10
      15
      16
      12
      12
      11
      13
      10
      12
      10
      13
       9
      10
      12
       9
       9
      12
      11
      15
      12
      17
      10
      14
       6
      12
       7
      10
      10
      12
      10
      12
      13
      13
      15
      10
       9
       9
       6
      13
      10
      13
      16
      11
      14
       6
      12
      19
       9
      18
      12
      14
      11
       8
      12
       8
      18
      13
       4
      16
      14
      16
      14
      14
      15
      12
       9
       7
      12
       8
      13
      13
      15
       9
       9
       8
      11
       8
      13
      11
       5
      10
      18
       8
      13
      13
       7
       9
       9
      13
      15
       7
      13
      13
      16
      11
       9
      12
      13
       8
       8
       5
       5
      10
      12
       9
      10
       7
       9
      10
       2
      12
      11
      13
      14
      12
       9
       7
       8
       5
      11
      13
       8
       8
      10
      10
       5
       9
       9
      19
       9
      17
       6
       8
      11
      14
      12
      10
      16
      11
       9
       9
      11
      11
       8
      13
      13
      14
      18
      15
      14
      11
      11
      14
      19
      11
       9
      12
      10
       8
      13
      11
      12
      14
      21
      10
      12
      11
      15
      15
      14
       8
      14
      13
      16
      18
      13
      17
      14
      17
      21
      19
      15
      15
      18
      21
      23
      16
      23
      15
      23
      14
      18
      30
      17
      21
      17
      23
      17
      22
      25
      20
      28
      24
      23
      24
      20
      14
      12
      27
      25
      27
      22
      13
      22
      21
      28
      23
      24
      22
      24
      23
      20
      20
      28
      22
      30
      23
      28
      22
      38
      31
      23
      22
      30
      20
      19
      19
      13
      20
      19
      18
      15
      19
      23
      22
      16
      20
      21
      10
      27
      17
      14
      13
      15
      14
      13
       6
      11
      19
      15
       6
      15
       9
      12
      13
      10
      10
      12
       9
       7
       7
      13
      12
       4
       8
      10
       9
      12
       4
       6
       9
       5
       9
       7
       6
       8
       5
       6
       5
       7
       7
       2
       4
       7
       3
       7
       7
       4
       5
       7
       6
       4
       2
       2
       1
       2
       4
       3
       2
       5
       5
       5
       5
       5
       6
       7
       2
       4
       3
       3
       7
       3
       4
       6
       7
       3
       7
       4
       4
       7
       2
       6
       3
       8
       4
       0
       5
       2
       3
       2
       7
       3
       3
       1
       2
       6
       5
       3
       4
       3
       5
       5
       3
       2
       5
       0
       4
       5
       4
       5
       5
       0
       4
       3
       5
       3
       4
       5
       2
       4
       5
       3
       1
       5
       5
       7
       4
       4
       3
       4
       2
       3
       1
       3
       2
       1
       3
       3
       2
       2
       6
       6
       5
       3
       2
       4
       3
       2
       5
       2
       0
       4
       2
       4
       4
       1
       5
       2
       2
       2
       3
       2
       4
       3
       5
       7
       4
       1
       6
       3
       4
       4
       5
       2
       4
       8
       0
       5
       1
       6
       3
       2
       5
       3
       3
       5
       5
       6
       2
       2
       7
       3
       4
       2
       3
       3
       7
       7
       4
       4
       7
       5
       8
       8
       7
       7
       4
       7
       3
       4
       3
       5
       4
       5
       6
       9
       4
       6
       5
       4
       5
       4
       6
       3
       5
       5
       6
       7
       7
       5
       5
       5
       6
       4
       4
       3
       5
       9
       3
       4
       3
       4
       6
       2
       2
       7
       4
       4
       2
       4
       2
       4
       5
       0
       3
       2
       2
       2
       1
       2
       6
       3
       5
       1
       0
       2
       6
       3
       4
       2
       4
       2
       3
       4
       2
       3
       6
       3
       3
       4
       7
       2
       7
       7
       5
       1
       4
       2
       5
       3
       4
       4
       4
       6
       2
       1
       2
       2
       6
       7
       1
       3
       1
       4
       3
       0
       4
       5
       3
       3
       1
       2
       6
       4
       3
       1
       1
       1
       2
       2
       0
       2
       1
       3
       2
       2
       1
       5
       3
       1
       3
       2
       1
       2
       4
       4
       4
       4
       3
       3
       2
       1
       1
       0
       3
       1
       6
       3
       2
       4
       2
       1
       3
       3
       2
       1
       3
       2
       2
       5
       4
       2
       1
       3
       2
       3
       0
       6
       2
       1
       4
       1
       5
       3
       6
       3
       4
       3
       1
       2
       4
       5
       1
       1
       2
       5
       4
       4
       2
       2
       4
       5
       4
       1
       5
       4
       1
       1
       2
       3
       5
       3
       4
       4
       5
       5
       3
       7
       5
       5
       4
       4
       4
       4
       4
       6
       5
       8
       4
       6
       3
       4
       3
       6
       6
       8
       4
       1
       5
       5
       4
       7
       5
       4
       2
       5
       5
       4
       3
       4
       3
       3
       5
       7
       4
       4
       4
       4
       6
       4
       4
       1
       1
       5
       2
       3
       5
       6
       4
       4
       3
       5
       5
       4
       4
       4
       3
       3
       2
       4
       4
       1
       3
       3
       6
       2
       7
       8
       4
       6
       2
       4
       3
       3
       2
       2
       4
       4
       5
       3
       4
       4
       3
       4
       5
       4
       2
       4
       1
       2
       5
       3
       6
       4
       2
       5
       2
       2
       2
       1
       4
       3
       4
       2
       3
       3
       5
       2
       3
       3
       0
       0
       1
       1
       0
       2
       3
       2
       1
       2
       4
       4
       4
       3
       0
       1
       5
       2
       1
       3
       2
       4
       2
       3
       1
       0
       0
       3
       1
       2
       1
       0
       3
       1
       1
       2
       2
       3
       2
       2
       0
       2
       0
       1
       2
       3
       2
       2
       2
       3
       1
       1
       3
       2
       0
       1
       3
       1
       1
       1
       2
       2
       2
       3
       3
       3
       3
       2
       5
       2
       2
       6
       4
       5
       3
       1
       1
       2
       4
       6
       2
       2
       2
       8
       3
      10
       1
       3
       3
       2
       7
       2
       1
       4
       2
       3
       4
       8
       6
       1
       0
       0
       0
       0
       0
       0
       0
       0
       0
       0
       0
       0
       0
       0
       0
       0
       0
       0
       0
       0
       0
       0
       0
       0
       0
       0
       0
       0
       0
       0
       0
       0
       0
       0
       0
       0
       0
       0
       0
       0
       0
       0
       0
       0
       0
       0
       0
       0
       0
       0
       0
       0
       0
       0
       0
       0
       0
       0
       0
       0
       0
       0
       0
       0
       0
       0
       0
       0
       0
       0
       0
       0
       0
       0
       0
       0
       0
       0
       0
       0
       0
       0
       0
       0
       0
       0
       0
       0
       0
       0
       0
       0
       0
       0
       0
       0
       0
       0
       0
       0
       0
       0
       0
       0
       0
       0
       0
       0
       0
       0
       0
       0
       0
       0
       0
       0
       0
       0
       0
       0
       0
       0
       0
       0
       0
       0
       0
       0
       0
       0
       0
       0
       0
       0
       0
       0
       0
       0
       0
       0
       0
       0
       0
       0
       0
       0
       0
       0
       0
       0
       0
       0
       0
       0
       0
       0
       0
       0
$ROI:
0
$PRESETS:
None
0
0
$ENER_FIT:
0.000000 1.000000
$MCA_CAL:
3
0.000000E+000 1.000000E+000 0.000000E+000 keV
$SHAPE_CAL:
3
1.000000E+000 0.000000E+000 0.000000E+000
