$SPEC_ID:
No sample description was entered.
$SPEC_REM:
DET# 1
DETDESC# CK155-12 Easy-MCA-2k SN 11080666
AP# Maestro Version 7.01
$DATE_MEA:
03/17/2022 13:21:08
$MEAS_TIM:
300 304
$DATA:
0 2047
       0
       0
       0
       1
       2
       2
       4
       0
       2
      11
     723
     652
     590
     544
     644
     639
     612
     642
     676
     617
     662
     634
     690
     688
     630
     717
     681
     691
     677
     708
     755
     735
     727
     708
     743
     711
     753
     784
     769
     803
     740
     827
     719
     735
     777
     763
     840
     776
     755
     862
     820
     814
     855
     834
     843
     857
     918
     861
     899
     932
     935
     953
     937
     961
     984
     999
     972
    1084
    1012
    1069
    1071
    1129
    1018
    1081
    1146
    1137
    1180
    1142
    1177
    1230
    1145
    1221
    1292
    1286
    1186
    1252
    1332
    1305
    1312
    1306
    1397
    1319
    1371
    1343
    1321
    1408
    1352
    1361
    1379
    1382
    1439
    1382
    1443
    1381
    1459
    1445
    1400
    1509
    1503
    1433
    1458
    1490
    1543
    1497
    1538
    1525
    1567
    1538
    1562
    1583
    1605
    1600
    1590
    1608
    1607
    1648
    1562
    1590
    1625
    1574
    1609
    1565
    1574
    1587
    1544
    1594
    1623
    1666
    1554
    1563
    1567
    1615
    1530
    1553
    1556
    1526
    1507
    1578
    1589
    1532
    1477
    1574
    1563
    1569
    1572
    1544
    1631
    1571
    1584
    1632
    1595
    1670
    1709
    1669
    1780
    1769
    1724
    1787
    1847
    1758
    1799
    1764
    1835
    1830
    1867
    1851
    1854
    1843
    1853
    1834
    1889
    1854
    1947
    1830
    1829
    1865
    1879
    1903
    1819
    1811
    1943
    1854
    1929
    1913
    1881
    1824
    1867
    1834
    1854
    1830
    1733
    1795
    1777
    1794
    1754
    1798
    1771
    1724
    1665
    1665
    1672
    1643
    1757
    1646
    1684
    1622
    1623
    1553
    1643
    1562
    1618
    1530
    1602
    1553
    1434
    1460
    1481
    1438
    1439
    1465
    1385
    1385
    1386
    1334
    1330
    1384
    1283
    1301
    1309
    1323
    1242
    1267
    1269
    1242
    1224
    1239
    1180
    1264
    1191
    1228
    1183
    1213
    1197
    1195
    1169
    1132
    1141
    1137
    1153
    1175
    1096
    1157
    1085
    1036
    1094
    1079
    1050
    1072
    1070
    1094
    1061
    1013
    1076
    1052
    1038
    1040
     973
    1000
    1081
    1016
    1059
    1026
     979
     995
     949
     994
    1008
     966
     922
     920
     898
     876
     868
     879
     883
     837
     839
     737
     813
     768
     775
     759
     742
     707
     670
     650
     651
     635
     618
     642
     595
     564
     560
     550
     554
     538
     505
     512
     518
     479
     511
     513
     465
     427
     461
     459
     443
     415
     387
     423
     450
     395
     429
     373
     388
     370
     375
     351
     374
     353
     360
     361
     350
     358
     337
     332
     342
     279
     339
     313
     325
     306
     354
     296
     339
     315
     324
     319
     315
     326
     299
     306
     295
     300
     309
     285
     286
     283
     296
     315
     285
     281
     298
     276
     274
     256
     307
     288
     280
     250
     305
     266
     318
     263
     268
     269
     261
     280
     289
     277
     279
     271
     278
     258
     259
     252
     258
     291
     266
     240
     263
     283
     274
     286
     278
     306
     291
     304
     339
     326
     347
     401
     377
     414
     472
     451
     507
     546
     543
     692
     726
     768
     823
     930
    1024
    1135
    1284
    1359
    1497
    1642
    1797
    1944
    2195
    2350
    2608
    2698
    3066
    3238
    3400
    3641
    3982
    4189
    4481
    4632
    4783
    5150
    5340
    5480
    5851
    5979
    6240
    6105
    6312
    6460
    6442
    6603
    6717
    6608
    6609
    6493
    6393
    6370
    6328
    5988
    5790
    5657
    5443
    5266
    5009
    4749
    4510
    4224
    3888
    3763
    3558
    3160
    2859
    2717
    2402
    2235
    2032
    1809
    1661
    1386
    1309
    1158
    1048
     877
     809
     703
     601
     564
     529
     467
     414
     366
     305
     306
     273
     235
     249
     199
     217
     177
     201
     187
     197
     169
     168
     156
     190
     175
     192
     164
     200
     177
     185
     190
     170
     183
     189
     165
     154
     170
     188
     192
     178
     173
     166
     168
     178
     181
     177
     171
     170
     177
     172
     174
     166
     184
     154
     162
     180
     163
     168
     154
     147
     164
     151
     155
     164
     146
     166
     150
     168
     174
     154
     156
     152
     164
     141
     162
     142
     146
     165
     178
     149
     165
     156
     169
     156
     136
     176
     143
     154
     155
     157
     152
     138
     129
     150
     178
     148
     165
     162
     166
     154
     159
     146
     143
     160
     138
     136
     164
     161
     118
     148
     147
     151
     146
     175
     159
     156
     156
     159
     135
     150
     127
     136
     145
     156
     156
     149
     146
     158
     165
     154
     152
     147
     163
     159
     144
     166
     122
     153
     150
     162
     152
     138
     172
     151
     160
     172
     160
     154
     164
     173
     135
     152
     146
     138
     173
     143
     118
     159
     144
     151
     170
     156
     113
     182
     149
     165
     144
     152
     151
     136
     161
     156
     150
     162
     148
     137
     162
     152
     169
     180
     161
     150
     135
     160
     164
     164
     149
     141
     144
     173
     146
     153
     162
     147
     143
     151
     153
     153
     176
     167
     152
     165
     154
     176
     143
     154
     146
     147
     165
     156
     174
     170
     153
     139
     147
     123
     163
     191
     158
     152
     150
     166
     136
     147
     153
     157
     160
     137
     162
     166
     167
     157
     157
     148
     163
     144
     152
     171
     169
     146
     159
     155
     152
     150
     144
     138
     155
     152
     168
     157
     144
     150
     154
     166
     162
     161
     148
     176
     155
     162
     172
     151
     132
     134
     153
     154
     165
     151
     168
     154
     159
     162
     165
     140
     183
     185
     175
     158
     157
     157
     183
     164
     173
     149
     150
     154
     158
     154
     186
     175
     156
     156
     150
     147
     143
     163
     170
     157
     167
     154
     153
     144
     167
     154
     156
     156
     151
     184
     181
     173
     166
     148
     179
     154
     172
     149
     171
     156
     168
     174
     145
     172
     179
     161
     155
     171
     161
     188
     159
     170
     174
     160
     172
     184
     161
     149
     181
     172
     180
     163
     178
     160
     188
     166
     162
     185
     190
     185
     165
     167
     160
     170
     177
     176
     175
     176
     191
     157
     173
     183
     191
     169
     183
     165
     196
     183
     177
     204
     197
     183
     207
     169
     189
     181
     162
     188
     149
     166
     151
     179
     155
     169
     160
     158
     179
     177
     173
     167
     169
     180
     173
     184
     161
     145
     153
     160
     166
     160
     152
     171
     158
     153
     150
     154
     167
     164
     156
     149
     129
     147
     141
     136
     143
     131
     127
     115
     145
     119
     119
     114
     155
     133
     141
     116
     122
     118
     106
     114
     107
     123
      93
     109
     107
     106
      96
     110
      85
      91
      82
     115
      89
      75
      89
      97
      88
      69
      73
      83
      54
      78
      72
      77
      72
      77
      53
      58
      63
      53
      55
      67
      59
      69
      66
      77
      64
      47
      48
      60
      44
      51
      48
      58
      48
      47
      46
      51
      43
      55
      53
      54
      49
      41
      46
      46
      54
      54
      45
      44
      44
      34
      29
      32
      36
      46
      30
      41
      57
      43
      50
      31
      40
      30
      21
      34
      29
      31
      38
      34
      34
      29
      31
      40
      43
      33
      29
      26
      29
      35
      41
      31
      32
      28
      35
      23
      28
      32
      21
      19
      34
      34
      36
      38
      33
      33
      35
      28
      43
      26
      35
      38
      51
      49
      34
      44
      53
      43
      47
      49
      49
      47
      67
      55
      58
      64
      75
      59
      79
      76
      73
      66
      79
      77
      96
      93
      98
     102
      98
     106
     112
     115
     152
     136
     134
     148
     161
     154
     178
     177
     192
     216
     215
     196
     209
     221
     253
     294
     292
     268
     279
     331
     319
     342
     325
     386
     389
     417
     437
     451
     459
     495
     492
     533
     468
     584
     611
     536
     637
     586
     648
     621
     636
     668
     656
     713
     695
     721
     725
     716
     824
     790
     723
     741
     858
     817
     772
     828
     789
     831
     829
     825
     774
     832
     815
     883
     857
     827
     736
     804
     787
     787
     766
     783
     739
     706
     699
     707
     698
     721
     642
     656
     633
     589
     583
     542
     551
     514
     475
     452
     523
     461
     460
     430
     385
     418
     372
     357
     296
     310
     284
     270
     284
     253
     258
     243
     215
     198
     210
     162
     161
     173
     146
     135
     121
     105
     113
     132
      96
      89
      78
      70
      61
      61
      65
      69
      66
      45
      51
      42
      44
      39
      37
      40
      25
      36
      33
      29
      27
      26
      26
      28
      26
      22
      16
      23
      28
      25
      18
      25
      32
      15
      22
      17
      20
      30
      26
      27
      18
      14
      24
      16
      24
      30
      11
      22
      27
      21
      27
      20
      27
      28
      24
      27
      26
      22
      36
      19
      36
      23
      26
      32
      32
      26
      40
      31
      24
      34
      21
      29
      28
      29
      32
      36
      24
      35
      29
      33
      30
      41
      31
      30
      34
      36
      36
      37
      26
      33
      33
      33
      31
      43
      46
      38
      41
      33
      35
      42
      37
      32
      40
      41
      34
      39
      31
      39
      41
      42
      35
      31
      27
      25
      30
      31
      37
      32
      30
      35
      30
      29
      30
      24
      33
      32
      28
      34
      36
      23
      22
      34
      29
      28
      20
      28
      33
      27
      23
      22
      18
      20
      32
      33
      18
      21
      29
      25
      18
      29
      20
      24
      11
      17
      15
      17
      11
      16
      20
      14
      18
      13
      18
      13
      13
      13
      20
      14
      17
      16
      15
      15
      13
      11
      14
      16
      15
      17
      15
      14
      10
      18
      15
      12
      13
      16
      14
      18
      17
      19
      13
      12
      11
      19
      18
      14
      10
      12
      15
      15
      13
      10
      15
       6
      12
       8
      12
      14
      11
      10
      11
      11
      11
      15
      12
       9
      14
      22
      14
       8
      10
      12
      11
      15
       9
      13
      10
      12
       8
      10
      14
      10
      13
      11
       6
      10
       6
       9
       9
      11
      10
       7
      10
       8
      11
       8
       6
      10
       8
       7
       5
      12
       6
       8
       5
      10
      10
      10
       5
      11
       7
       7
       4
       4
       8
       6
       9
       6
       2
       5
      13
       4
       7
       7
      10
       2
       6
      10
       9
       8
       8
       8
       6
       6
       7
       5
       4
      10
       5
       7
       3
       7
       3
       4
       7
       7
       5
       3
       3
       7
       4
       6
       9
       6
       8
       5
       6
       5
       7
       9
       3
       6
       5
       5
       6
       4
       5
       5
       5
       5
       3
       8
       2
       8
       5
       2
       6
       7
      10
       8
       6
       4
       8
       8
       9
       6
       5
       2
      12
       9
      11
       7
      14
      10
       9
       6
      13
      17
       8
      13
      11
      19
      15
      13
      15
      13
       8
      18
      17
      18
      16
      12
      15
      18
      14
      17
      14
      21
      18
      20
      23
      20
      27
      28
      23
      28
      22
      33
      23
      29
      17
      38
      27
      36
      25
      31
      26
      31
      35
      36
      32
      41
      36
      30
      29
      36
      43
      34
      36
      48
      33
      43
      33
      31
      35
      32
      28
      32
      31
      29
      24
      28
      30
      33
      21
      26
      20
      21
      16
      16
      29
      20
       6
      12
      11
      12
       8
      17
       9
       7
       7
      12
       9
       6
      13
       9
       7
       0
       5
       6
       8
       7
       2
       1
       5
       1
       4
       3
       4
       4
       2
       3
       6
       2
       5
       3
       1
       4
       1
       2
       5
       2
       2
       2
       4
       1
       2
       4
       5
       1
       5
       5
       1
       4
       3
       2
       2
       2
       3
       4
       3
       4
       4
       2
       2
       4
       5
       4
       5
       2
       1
       3
       0
       5
       1
       1
       2
       1
       2
       2
       3
       5
       1
       2
       6
       2
       4
       1
       2
       3
       2
       4
       3
       3
       5
       1
       2
       2
       2
       5
       1
       3
       3
       4
       2
       4
       3
       7
       2
       3
       8
       3
       2
       5
       2
       8
       2
       0
       4
       5
       4
       2
       5
       7
       7
       4
       3
       4
       2
       6
       5
       7
       4
       8
       3
       6
       3
       5
       2
       2
       3
       3
       4
       5
       2
       9
       3
       3
       2
       4
       5
       5
       7
       4
       2
       1
       3
       3
       5
       3
       2
       7
       4
       2
       4
       6
       2
       6
       4
       7
       2
       6
       3
       1
       4
       5
       3
       2
       5
       5
       6
       9
       4
       6
       3
       3
       0
       2
       4
       3
       2
       5
       4
       2
       4
       1
       0
       3
       2
       4
       5
       2
       2
       1
       4
       4
       0
       3
       1
       5
       4
       3
       2
       3
       4
       4
       4
       1
       0
       3
       4
       1
       2
       2
       2
       4
       2
       9
       3
       2
       3
       1
       6
       3
       6
       4
       2
       2
       5
       2
       1
       1
       5
       3
       0
       2
       2
       3
       1
       0
       1
       0
       6
       2
       0
       2
       0
       0
       0
       1
       1
       3
       1
       2
       1
       2
       1
       1
       0
       3
       2
       1
       5
       2
       3
       2
       1
       0
       0
       2
       1
       5
       0
       2
       2
       1
       3
       0
       1
       1
       2
       1
       1
       0
       1
       0
       0
       0
       0
       0
       0
       0
       0
       0
       0
       0
       0
       0
       0
       0
       0
       0
       0
       0
       0
       0
       0
       0
       0
       0
       0
       0
       0
       0
       0
       0
       0
       0
       0
       0
       0
       0
       0
       0
       0
       0
       0
       0
       0
       0
       0
       0
       0
       0
       0
       0
       0
       0
       0
       0
       0
       0
       0
       0
       0
       0
       0
       0
       0
       0
       0
       0
       0
       0
       0
       0
       0
       0
       0
       0
       0
       0
       0
       0
       0
       0
       0
       0
       0
       0
       0
       0
       0
       0
       0
       0
       0
       0
       0
       0
       0
       0
       0
       0
       0
       0
       0
       0
       0
       0
       0
       0
       0
       0
       0
       0
       0
       0
       0
       0
       0
       0
       0
       0
       0
       0
       0
       0
       0
       0
       0
       0
       0
       0
       0
       0
       0
       0
       0
       0
       0
       0
       0
       0
       0
       0
       0
       0
       0
       0
       0
       0
       0
       0
       0
       0
       0
       0
       0
       0
       0
       0
       0
       0
       0
$ROI:
0
$PRESETS:
None
0
0
$ENER_FIT:
0.000000 1.000000
$MCA_CAL:
3
0.000000E+000 1.000000E+000 0.000000E+000 keV
$SHAPE_CAL:
3
1.000000E+000 0.000000E+000 0.000000E+000
