$SPEC_ID:
No sample description was entered.
$SPEC_REM:
DET# 1
DETDESC# CK155-12 Easy-MCA-2k SN 11080666
AP# Maestro Version 7.01
$DATE_MEA:
01/20/2022 11:18:58
$MEAS_TIM:
598 600
$DATA:
0 2047
       0
       0
       0
       0
       0
       0
       0
       0
       0
       1
     357
     348
     341
     352
     375
     418
     452
     409
     449
     467
     471
     469
     512
     513
     570
     544
     558
     595
     669
     732
     806
     857
     969
     976
    1038
    1112
    1241
    1211
    1342
    1491
    1500
    1606
    1649
    1737
    1790
    1729
    1744
    1985
    1874
    1956
    1968
    2001
    1964
    2045
    2061
    2137
    2000
    2062
    2092
    2152
    2031
    2110
    2129
    2090
    2104
    2085
    2067
    1989
    2093
    2085
    1983
    1941
    1866
    1874
    1797
    1901
    1845
    1813
    1830
    1725
    1746
    1799
    1747
    1643
    1658
    1622
    1524
    1655
    1632
    1569
    1548
    1580
    1528
    1483
    1431
    1461
    1441
    1434
    1326
    1392
    1297
    1284
    1292
    1294
    1251
    1180
    1211
    1230
    1190
    1167
    1193
    1161
    1158
    1135
    1166
    1079
    1137
    1095
    1106
    1056
    1047
    1007
    1066
    1017
     944
     942
     915
     928
     866
     822
     782
     797
     743
     749
     758
     754
     731
     706
     682
     735
     705
     692
     706
     665
     700
     702
     652
     683
     643
     618
     679
     606
     550
     602
     580
     555
     530
     560
     542
     533
     575
     566
     503
     540
     562
     497
     557
     505
     557
     480
     467
     489
     523
     496
     482
     467
     477
     455
     483
     435
     412
     412
     405
     399
     388
     371
     345
     343
     370
     331
     342
     315
     329
     332
     324
     332
     295
     321
     295
     310
     315
     259
     344
     285
     293
     312
     285
     269
     269
     280
     291
     269
     283
     294
     277
     274
     262
     248
     266
     275
     256
     255
     235
     248
     269
     283
     264
     251
     265
     258
     245
     254
     246
     235
     250
     276
     241
     269
     236
     267
     229
     257
     241
     238
     271
     230
     264
     227
     229
     238
     270
     250
     238
     262
     226
     221
     227
     234
     210
     206
     200
     195
     202
     180
     204
     194
     179
     211
     182
     166
     192
     175
     191
     172
     174
     191
     192
     211
     204
     203
     221
     213
     206
     211
     188
     196
     192
     201
     202
     234
     204
     231
     221
     220
     233
     200
     194
     223
     207
     218
     202
     190
     191
     196
     193
     163
     178
     192
     192
     186
     158
     189
     171
     166
     191
     201
     181
     177
     179
     186
     170
     163
     164
     147
     175
     169
     151
     180
     155
     171
     150
     133
     130
     121
     119
     112
     119
     126
     107
     106
     126
     109
     108
      97
     119
      83
      94
      91
     102
     112
      87
      96
     127
     110
     121
      87
      95
     107
      90
      96
      79
      99
     104
     103
      98
     102
      73
      80
     102
      88
      92
      92
     100
     102
     103
      94
      74
      90
      84
     102
      88
      94
      81
      90
     103
      83
      89
      93
      74
      84
      77
      81
      83
      90
      79
      87
      90
      95
      71
      77
      88
      83
      85
      86
      76
      85
      91
      79
      83
      69
      79
      83
      96
      84
      69
      76
      71
      85
      84
      89
      71
      88
      81
      78
      83
     104
      88
      84
      90
      87
      97
      89
      88
      79
      92
      78
      89
     104
      75
      98
      93
     105
     108
      91
      83
     110
      98
      85
      88
      75
      86
      96
      83
      75
      73
      91
      81
      83
      85
      80
      72
      84
      83
      87
      62
      71
      81
      73
      80
      73
      73
      63
      60
      76
      62
      61
      62
      70
      62
      60
      57
      53
      66
      50
      62
      55
      60
      58
      58
      58
      67
      50
      64
      41
      49
      47
      56
      59
      65
      59
      53
      45
      45
      53
      53
      52
      43
      64
      53
      66
      61
      53
      42
      52
      69
      55
      63
      56
      72
      58
      55
      52
      56
      57
      64
      66
      52
      52
      79
      53
      51
      49
      66
      47
      65
      61
      64
      59
      70
      54
      63
      68
      59
      56
      56
      54
      53
      48
      61
      64
      49
      53
      51
      43
      59
      51
      42
      50
      40
      48
      49
      50
      49
      55
      52
      39
      50
      45
      42
      44
      54
      52
      42
      38
      35
      42
      41
      37
      39
      35
      40
      44
      40
      48
      41
      35
      31
      40
      38
      43
      42
      44
      33
      39
      49
      44
      34
      46
      40
      34
      46
      44
      37
      36
      38
      28
      31
      44
      43
      30
      29
      40
      34
      29
      37
      37
      33
      30
      33
      31
      22
      35
      39
      27
      39
      33
      25
      20
      25
      20
      30
      30
      32
      38
      24
      24
      29
      32
      27
      22
      31
      26
      28
      19
      33
      26
      40
      34
      27
      37
      42
      30
      37
      38
      35
      37
      36
      37
      57
      47
      43
      46
      48
      48
      56
      57
      44
      62
      59
      69
      63
      62
      68
      74
      65
      71
      92
      73
      79
      76
     101
      84
      95
      94
      90
      79
      97
      77
     100
      84
      86
     102
     106
      99
      91
      94
     100
     105
      94
      73
      76
      97
      75
      86
      65
      66
      73
      52
      67
      45
      56
      43
      43
      41
      36
      29
      36
      39
      34
      31
      31
      17
      21
      16
      32
      21
      26
      23
      20
      17
      15
      11
      15
      15
      17
      16
      17
      18
      19
      12
      11
       9
      14
      18
      13
      16
      17
      11
      18
      13
       7
       9
      18
       6
      22
      20
      19
      14
      14
      19
      16
      13
      10
      21
       8
      17
      11
       8
      13
       7
      16
      11
      12
      14
       9
      15
      16
      20
       7
      17
      10
      18
       8
      16
      12
      11
      17
       9
      11
      18
      12
      11
      13
      16
      15
      15
       8
      13
       7
      10
       7
      18
      12
      11
       9
      11
       9
      11
      10
      10
       8
      16
      17
       9
      14
      17
      12
      23
      14
      21
      12
      10
       7
      13
      16
       8
      21
      19
      11
      15
      10
      20
      15
      14
      11
      19
      18
      11
      22
      14
      15
      10
      10
      12
      23
      10
      11
      16
       9
       9
      10
      15
      10
       8
      12
      15
      16
      14
       5
      11
      10
      10
      12
       4
      14
      13
      13
      11
       6
      16
       7
       4
       5
      13
       2
      11
       9
      11
       5
       4
      10
       6
       3
       2
       6
      11
      12
       4
       7
       6
       6
       5
       9
       6
       3
       7
       8
       5
       6
       6
       7
       2
       4
       8
       6
       5
       9
       7
       5
       6
       5
       4
       6
       8
       6
       8
       3
       4
       5
       5
       9
       5
       7
       6
      12
       5
       6
       4
       6
       5
       7
       7
       6
       4
       7
       5
       6
       9
       3
       2
       8
       3
       8
       4
       5
       6
       3
       9
      10
       5
       4
       5
       2
       4
       4
       5
       5
       6
       2
       9
       9
       6
       4
       9
       4
       5
      10
      11
       7
       4
       7
       6
       7
       9
       8
       8
       9
       8
       8
       9
       7
       6
       8
       6
      13
       8
       7
      10
       9
       8
      14
      15
       9
      13
      13
      13
       8
       5
      11
       6
      14
      13
      15
       8
      13
       9
       7
      12
       5
       7
      11
      11
       7
       6
       7
      10
      15
       6
       5
      13
      12
      13
       5
       6
       5
       6
      10
      10
       7
       6
      12
      11
       9
       8
       7
       7
       8
      12
      13
       5
      12
       7
       8
      10
       8
       5
      10
       5
       3
       6
       9
       9
      11
       6
       6
       4
       3
       6
       9
       7
       5
       7
       9
       2
       4
       8
       7
       2
       5
       6
       6
       3
       7
       8
       6
       3
       6
       2
       3
       8
       6
       3
       5
       4
       4
       4
       4
       3
       5
      10
       5
       7
       5
       6
       6
       8
       5
       4
       3
       4
       4
       4
       4
       1
       4
       5
       8
       2
       4
       7
       3
       5
       4
       7
       1
       4
       3
       1
       4
       3
       5
       4
       5
       3
       6
       2
       4
       5
       8
       6
       5
       4
       3
       4
       3
       2
       3
       5
       6
       5
       3
       2
       8
       2
       0
       0
       2
       5
       2
       2
       6
       3
       1
       3
       5
       6
       4
       3
       0
       4
       3
       3
       3
       3
       7
       3
       8
       5
       3
       3
       2
       2
       5
       2
       4
       4
       3
       3
       2
       3
       3
       2
       3
       3
       4
       2
       4
       4
       4
       7
       4
       7
       7
       8
       5
      12
       7
       5
       3
       7
      10
      14
       6
       9
       8
       6
      12
       6
       5
       7
      10
       9
      10
      11
      13
       7
      12
       5
       9
       8
      18
      10
      12
      11
      10
      11
      12
      14
      13
      13
      15
      12
       6
      10
      10
      16
      11
      12
       7
       9
      11
       9
      10
       4
       7
       8
      13
      10
       7
      13
       4
       7
       4
       6
      10
      10
       3
       4
       4
       4
       8
       3
       3
       5
       3
       4
       3
       5
       2
       2
       4
       4
       5
       2
       1
       3
       3
       2
       1
       2
       2
       1
       1
       1
       1
       1
       1
       2
       2
       2
       3
       0
       0
       1
       2
       1
       0
       1
       0
       1
       0
       0
       0
       0
       0
       1
       0
       0
       0
       0
       0
       1
       0
       0
       2
       0
       0
       0
       0
       0
       0
       0
       0
       0
       1
       1
       0
       0
       0
       0
       2
       0
       1
       1
       0
       0
       0
       2
       0
       0
       1
       0
       0
       1
       1
       0
       0
       1
       0
       2
       0
       0
       0
       0
       0
       0
       1
       0
       2
       0
       0
       1
       0
       2
       1
       0
       0
       0
       0
       0
       0
       0
       1
       0
       0
       0
       0
       0
       0
       0
       0
       1
       0
       2
       1
       0
       1
       0
       1
       0
       0
       0
       0
       0
       0
       0
       1
       0
       0
       0
       0
       1
       1
       0
       0
       0
       0
       0
       0
       0
       1
       0
       0
       0
       0
       0
       0
       0
       1
       2
       0
       0
       1
       0
       0
       0
       0
       1
       1
       0
       0
       0
       0
       1
       0
       0
       0
       0
       0
       0
       0
       0
       0
       0
       0
       0
       0
       1
       0
       0
       0
       1
       0
       0
       1
       0
       0
       0
       0
       0
       0
       0
       2
       0
       0
       0
       0
       0
       0
       0
       1
       0
       0
       0
       1
       2
       0
       0
       1
       0
       1
       0
       1
       1
       0
       1
       2
       1
       1
       0
       1
       0
       2
       0
       0
       0
       1
       0
       0
       0
       0
       0
       0
       2
       0
       0
       0
       1
       1
       0
       0
       0
       1
       0
       0
       0
       0
       0
       1
       0
       2
       1
       0
       0
       0
       2
       0
       2
       0
       1
       2
       0
       0
       0
       0
       0
       0
       1
       0
       0
       0
       0
       0
       1
       1
       0
       0
       0
       0
       0
       1
       0
       0
       0
       0
       1
       0
       1
       0
       0
       0
       0
       0
       0
       1
       0
       1
       0
       0
       0
       1
       1
       0
       0
       0
       0
       0
       1
       0
       0
       0
       0
       1
       0
       0
       0
       0
       0
       0
       0
       0
       0
       0
       0
       1
       1
       0
       1
       2
       0
       0
       0
       0
       0
       0
       0
       1
       2
       0
       0
       2
       0
       0
       0
       1
       0
       0
       2
       0
       0
       1
       2
       2
       0
       2
       1
       0
       1
       1
       1
       1
       2
       0
       1
       0
       1
       0
       1
       0
       0
       0
       0
       2
       1
       0
       2
       2
       1
       2
       0
       0
       1
       1
       0
       0
       1
       1
       0
       0
       0
       2
       7
       5
       6
       5
      10
       4
      13
      16
       8
      12
      10
      16
       8
       7
      11
      12
       8
       9
       4
       5
       8
       4
       3
      10
       1
       8
       3
       5
       2
       3
       5
       6
       5
       5
       7
       3
       6
       4
       4
       5
       6
       3
       5
       6
       5
       3
       9
       4
       7
       5
       4
       3
       6
       2
       4
       4
       4
       4
       4
       1
       3
       2
       4
       0
       3
       3
       4
       2
       3
       1
       3
       2
       1
       3
       2
       3
       3
       5
       4
       2
       4
       2
       4
       3
       1
       2
       2
       3
       4
       1
       3
       3
       4
       0
       2
       1
       2
       3
       0
       1
       2
       2
       3
       4
       3
       1
       5
       4
       1
       3
       7
       0
       5
       4
       3
       1
       5
       1
       1
       4
       1
       1
       5
       6
       1
       5
       2
       1
       4
       1
       2
       0
       3
       2
       5
       3
       1
       2
       1
       0
       2
       2
       1
       4
       3
       4
       2
       0
       1
       2
       1
       3
       3
       0
       0
       3
       5
       2
       1
       0
       3
       2
       2
       1
       1
       1
       1
       1
       1
       0
       1
       1
       2
       1
       2
       3
       4
       2
       3
       0
       2
       3
       3
       1
       3
       1
       1
       3
       2
       3
       1
       3
       1
       1
       1
       1
       2
       1
       1
       2
       3
       0
       0
       0
       1
       0
       3
       0
       2
       1
       2
       0
       1
       1
       0
       0
       2
       1
       4
       1
       3
       2
       0
       1
       0
       1
       0
       2
       2
       1
       2
       1
       0
       0
       5
       3
       4
       4
       5
       2
       1
       5
       2
       5
       3
       1
       0
       4
       0
       0
       1
       2
       1
       1
       2
       4
       0
       1
       1
       0
       2
       2
       2
       3
       1
       2
       0
       0
       1
       2
       1
       1
       0
       2
       1
       4
       2
       2
       3
       0
       2
       3
       2
       1
       2
       2
       1
       2
       2
       3
       2
       4
       1
       2
       1
       4
       2
       0
       2
       0
       0
       0
       1
       2
       0
       0
       2
       0
       1
       0
       0
       1
       0
       2
       1
       0
       0
       1
       1
       1
       0
       0
       0
       0
       0
       0
       0
       0
       0
       0
       0
       0
       0
       0
       0
       0
       0
       0
       0
       0
       0
       0
       0
       0
       0
       0
       0
       0
       0
       0
       0
       0
       0
       0
       0
       0
       0
       0
       0
       0
       0
       0
       0
       0
       0
       0
       0
       0
       0
       0
       0
       0
       0
       0
       0
       0
       0
       0
       0
       0
       0
       0
       0
       0
       0
       0
       0
$ROI:
0
$PRESETS:
Real Time
600
0
$ENER_FIT:
0.000000 0.000000
$MCA_CAL:
3
0.000000E+000 0.000000E+000 0.000000E+000 
$SHAPE_CAL:
3
0.000000E+000 0.000000E+000 0.000000E+000
