$SPEC_ID:
No sample description was entered.
$SPEC_REM:
DET# 1
DETDESC# CK155-12 Easy-MCA-2k SN 11080666
AP# Maestro Version 7.01
$DATE_MEA:
01/20/2022 11:30:19
$MEAS_TIM:
598 600
$DATA:
0 2047
       0
       0
       0
       0
       0
       0
       0
       0
       1
       2
     429
     430
     402
     399
     416
     459
     470
     491
     529
     513
     514
     504
     578
     577
     613
     643
     643
     695
     714
     779
     847
     857
     915
     935
    1068
    1196
    1228
    1303
    1382
    1527
    1685
    1659
    1746
    1782
    1914
    1871
    1912
    1996
    2005
    2131
    2126
    2150
    2115
    2092
    2145
    2181
    2164
    2215
    2137
    2166
    2169
    2124
    2185
    2260
    2174
    2185
    2209
    2125
    2098
    2133
    2101
    2053
    2033
    2109
    1990
    2048
    1959
    1967
    1872
    1964
    1855
    1881
    1838
    1841
    1830
    1725
    1738
    1765
    1758
    1741
    1574
    1684
    1679
    1583
    1619
    1520
    1520
    1520
    1571
    1501
    1472
    1434
    1367
    1420
    1424
    1371
    1353
    1324
    1422
    1353
    1388
    1314
    1257
    1269
    1293
    1247
    1223
    1233
    1214
    1168
    1191
    1213
    1159
    1103
    1032
    1122
     977
    1010
    1004
     981
     918
     943
     897
     807
     859
     899
     836
     825
     806
     856
     827
     810
     808
     803
     805
     783
     754
     810
     765
     714
     748
     691
     736
     675
     721
     725
     669
     634
     682
     655
     623
     641
     642
     635
     629
     644
     626
     675
     640
     607
     613
     636
     623
     666
     641
     592
     543
     559
     538
     524
     550
     576
     549
     483
     541
     473
     463
     466
     469
     506
     438
     449
     429
     422
     429
     432
     408
     428
     430
     405
     382
     429
     381
     386
     391
     377
     423
     401
     406
     370
     364
     345
     354
     360
     361
     395
     350
     336
     368
     369
     333
     336
     377
     370
     338
     307
     321
     335
     358
     325
     325
     314
     295
     308
     329
     316
     312
     335
     307
     352
     328
     318
     322
     327
     311
     353
     317
     313
     324
     319
     304
     337
     318
     316
     308
     318
     295
     300
     255
     288
     238
     285
     298
     277
     259
     247
     245
     253
     260
     258
     283
     205
     254
     283
     274
     268
     293
     252
     269
     262
     272
     254
     289
     285
     269
     291
     280
     277
     307
     266
     275
     285
     289
     259
     260
     268
     261
     288
     295
     289
     246
     267
     243
     222
     267
     223
     258
     247
     248
     256
     231
     249
     241
     239
     240
     231
     245
     255
     250
     240
     257
     261
     224
     252
     219
     235
     207
     220
     237
     216
     199
     189
     210
     179
     197
     170
     183
     199
     192
     171
     163
     187
     173
     171
     189
     184
     167
     176
     182
     173
     170
     178
     157
     169
     170
     148
     167
     175
     139
     156
     174
     173
     183
     137
     166
     170
     191
     166
     182
     164
     161
     162
     146
     146
     166
     162
     162
     138
     181
     153
     159
     149
     164
     168
     152
     130
     156
     146
     155
     152
     155
     154
     155
     157
     155
     155
     165
     157
     142
     133
     179
     147
     149
     179
     164
     159
     157
     185
     162
     146
     142
     154
     149
     144
     144
     168
     156
     139
     163
     183
     149
     179
     167
     143
     159
     150
     171
     151
     145
     181
     154
     172
     155
     173
     164
     173
     147
     157
     202
     139
     152
     177
     173
     163
     160
     142
     132
     147
     151
     161
     159
     146
     152
     120
     138
     143
     138
     140
     162
     143
     139
     138
     130
     134
     141
     123
     129
     126
     132
     125
     122
     135
     134
     112
     143
     127
     113
     119
     109
     105
     106
     119
     116
     134
     105
     109
      95
      91
      92
     108
     111
     102
     101
      92
      96
     106
      91
      85
     119
      99
     108
      96
     101
      90
     102
      87
      91
      97
      98
      85
     100
      93
     106
     110
      89
      87
     100
      97
      99
     107
      98
      93
     104
     110
      87
     124
     113
      97
     121
     106
     117
     100
     123
     132
     133
     131
     125
     145
     142
     155
     140
     145
     172
     206
     201
     208
     213
     228
     212
     255
     269
     277
     262
     268
     300
     313
     346
     357
     356
     331
     325
     332
     316
     303
     297
     262
     288
     284
     221
     254
     243
     246
     239
     183
     220
     192
     168
     150
     121
     131
     125
     106
     106
     107
      82
      81
      80
      78
      67
      71
      75
      61
      58
      57
      52
      57
      40
      61
      67
      55
      62
      68
      68
      69
      69
      76
      83
      71
      72
      95
      89
     102
     101
     125
     103
     112
     128
     149
     126
     130
     163
     173
     158
     200
     184
     183
     214
     228
     225
     217
     255
     227
     267
     250
     242
     287
     258
     296
     240
     247
     223
     219
     226
     223
     199
     211
     212
     185
     186
     153
     152
     132
     126
     123
     127
     126
      98
      84
      97
      75
      67
      64
      74
      72
      53
      70
      60
      62
      85
      76
      64
      58
      62
      70
      75
      77
      82
      66
      98
      82
     101
      99
      81
      85
      94
     105
     103
      99
     116
     114
     102
      96
     102
     109
     110
      97
     105
     101
     104
      97
      92
      63
      65
      88
      73
      72
      79
      67
      68
      57
      52
      42
      41
      28
      41
      34
      36
      40
      28
      23
      26
      27
      18
      23
      20
      25
      11
      20
      20
      17
      15
      13
      18
      22
      18
      10
      12
      16
      16
      16
      17
      13
      12
      15
      17
      17
      13
      14
       8
      18
      14
      23
       8
      14
      13
      18
      16
      18
      19
      14
      15
      12
      21
      17
      14
      13
      12
      15
      15
      19
      16
      10
      18
      12
      16
      14
      12
      14
       8
       9
      10
       9
      11
       6
       8
      13
       9
      18
      14
      13
      15
      11
      13
       6
      10
      17
      13
      12
      14
      14
       9
       5
      12
      17
      16
       8
      12
      18
      10
      16
      13
      20
       9
      17
      16
      17
       8
      13
      18
      19
      15
      16
      13
      22
      22
      17
      15
      15
      20
      19
      20
      22
       7
      13
      16
      21
      11
      13
      13
      14
      21
      20
      12
      10
      18
      21
      11
      17
       8
      12
      15
       6
      13
      12
       6
      11
      16
       9
      14
      14
      12
      13
      11
      12
      11
       7
       6
       8
       9
       7
       7
       9
       4
       5
       5
       4
      11
       9
       7
       6
       8
       3
       6
      12
      10
       8
       5
       8
       4
      10
      10
      10
       8
       8
      10
      12
      12
       8
       4
       5
       6
       7
       6
       3
       5
       4
       9
       8
       7
      11
       6
       3
       7
       5
       7
       6
       4
       6
       6
       5
      11
       2
      10
       6
       6
       7
       5
       3
       9
       6
       8
       7
       4
      11
       7
       4
       5
       4
       7
       6
       7
       7
       5
       6
       6
       7
       6
       4
       8
       6
       8
       5
       3
       6
      11
       6
       7
       3
       6
       7
       5
       7
       6
       3
       5
       3
       2
       7
       8
       9
       7
       8
       8
       7
       6
       8
       7
       8
       6
      10
       5
      11
       5
      11
      10
       7
      11
      15
      13
      18
      10
       9
       9
       9
       9
       8
      10
       8
      15
       8
       7
       7
       8
       4
       9
       7
       9
       6
       7
      12
       7
       6
       5
      11
       8
       6
       7
       5
      13
      10
       9
       8
       7
      13
      10
       7
      10
      10
       5
       7
       6
       7
       8
       9
       9
       7
       3
       5
       7
       5
       3
       5
      12
      10
       8
       3
      12
       7
       9
       5
      15
       7
       6
       5
      10
      12
       7
       6
       7
       9
       6
       7
       3
      10
       7
      10
       6
       6
       6
       7
       7
      10
       6
       4
       9
       4
       2
       1
       8
      11
       8
       5
       5
       5
       4
       3
       5
      10
       5
       6
       3
       6
       9
       3
       6
       5
       5
       5
       6
       4
       5
       7
       4
       2
       3
       3
       6
       4
       4
       6
       2
       1
       5
       1
       2
       2
       1
       4
       3
       3
       4
       4
       4
       4
       5
       4
       0
       5
       4
       6
       8
       2
       4
       3
       3
       0
       4
       4
       2
       5
       4
       1
       3
       1
       0
       6
       4
       6
       4
       4
       6
       6
       2
       1
       4
       6
       3
       9
       5
       3
       7
       2
       4
       5
       2
       3
       5
       3
       5
       3
       5
       3
       1
       3
       7
       1
       3
       6
       2
       4
       4
       9
       2
       2
       8
       2
       4
       5
       7
       2
       4
       8
       3
       5
       4
       5
       8
      10
       8
       7
       6
       6
       8
       6
       9
       7
       9
       5
       3
       8
      10
      12
       8
      10
      14
      10
       7
      11
      12
      10
      13
      13
      10
      12
      14
       8
      15
      16
       5
      17
      10
      10
      10
       9
       9
       5
      14
       4
       6
      14
       4
      12
      10
      10
      10
       6
       7
      13
       9
       5
       9
      10
       7
       9
       6
       5
       5
       5
       5
       5
       5
       1
       4
       5
       3
       4
       3
       7
       3
       4
       1
       1
       4
       2
       2
       1
       0
       5
       2
       0
       1
       1
       0
       1
       2
       0
       1
       1
       0
       0
       0
       0
       0
       1
       0
       1
       0
       0
       0
       0
       0
       0
       0
       0
       0
       0
       1
       0
       0
       1
       2
       0
       0
       0
       0
       2
       0
       1
       1
       3
       0
       0
       0
       0
       0
       0
       0
       0
       0
       0
       0
       0
       1
       0
       0
       0
       1
       1
       0
       0
       1
       0
       0
       1
       0
       0
       0
       0
       0
       0
       0
       0
       0
       0
       1
       0
       1
       0
       0
       0
       0
       1
       0
       0
       0
       0
       0
       0
       0
       0
       1
       0
       0
       0
       0
       1
       0
       0
       1
       0
       1
       0
       1
       0
       0
       1
       0
       0
       0
       0
       0
       1
       0
       1
       0
       1
       0
       1
       0
       0
       0
       0
       0
       1
       0
       0
       1
       1
       0
       0
       0
       0
       0
       0
       0
       0
       0
       0
       0
       0
       0
       1
       0
       1
       0
       0
       1
       0
       0
       0
       0
       1
       0
       0
       0
       0
       0
       0
       0
       1
       0
       1
       0
       1
       0
       1
       0
       0
       0
       1
       0
       0
       0
       0
       0
       0
       0
       0
       0
       0
       0
       0
       0
       0
       0
       0
       0
       0
       0
       0
       0
       0
       1
       1
       1
       0
       0
       0
       0
       1
       0
       0
       0
       1
       0
       0
       0
       0
       0
       0
       0
       0
       1
       2
       1
       0
       0
       2
       0
       0
       0
       0
       1
       0
       0
       0
       1
       0
       0
       0
       0
       0
       0
       0
       1
       0
       0
       1
       0
       1
       0
       0
       0
       0
       0
       0
       0
       0
       0
       0
       0
       1
       0
       0
       0
       0
       1
       1
       0
       0
       0
       0
       0
       0
       1
       0
       0
       1
       0
       0
       1
       0
       0
       0
       0
       0
       0
       0
       1
       0
       0
       0
       0
       0
       0
       1
       1
       0
       0
       0
       0
       0
       1
       0
       0
       0
       0
       0
       1
       0
       0
       0
       1
       0
       0
       1
       0
       1
       0
       1
       0
       0
       0
       0
       0
       0
       1
       0
       0
       0
       0
       2
       0
       0
       0
       0
       1
       0
       0
       1
       0
       0
       0
       0
       0
       1
       0
       1
       1
       1
       1
       3
       2
       5
       2
       4
       2
       1
       0
       1
       3
       0
       1
       0
       0
       5
       1
       2
       1
       3
       1
       1
       0
       0
       1
       2
       1
       1
       2
       1
       1
       0
       0
       1
       2
       2
       1
       2
       3
       2
       2
       2
       5
       6
       8
       7
      12
      16
      14
      13
       8
      13
      20
      10
       9
       8
      11
       5
       8
       4
       5
       7
       9
       3
       4
      10
       5
       4
       7
       4
       9
       7
       6
       4
       3
       2
       0
       3
       5
       2
       4
       3
       3
       6
       3
       3
       5
       1
       3
       3
       2
       6
       7
       5
       3
       3
       1
       0
       2
       3
       3
       4
       3
       3
       1
       0
       1
       6
       1
       2
       6
       3
       3
       5
       5
       9
       1
       1
       3
       1
       4
       4
       6
       8
       1
       2
       2
       4
       4
       2
       1
       5
       1
       2
       1
       3
       5
       3
       1
       4
       2
       3
       1
       0
       2
       2
       2
       1
       2
       0
       1
       1
       2
       2
       2
       3
       3
       1
       7
       0
       3
       2
       0
       1
       2
       0
       1
       0
       3
       3
       4
       1
       2
       3
       2
       3
       3
       3
       0
       4
       3
       0
       0
       1
       4
       2
       3
       2
       3
       3
       1
       1
       1
       1
       2
       0
       1
       2
       4
       0
       1
       1
       1
       2
       1
       2
       2
       3
       2
       1
       0
       3
       3
       1
       2
       4
       0
       1
       2
       1
       3
       1
       0
       3
       2
       0
       3
       1
       4
       1
       1
       3
       1
       2
       5
       0
       1
       3
       2
       0
       1
       0
       1
       0
       0
       4
       1
       0
       0
       1
       5
       2
       2
       0
       0
       1
       1
       3
       2
       1
       3
       0
       2
       2
       1
       1
       1
       3
       1
       1
       1
       2
       2
       2
       3
       2
       4
       2
       3
       1
       3
       3
       2
       3
       1
       0
       1
       1
       2
       1
       1
       2
       2
       2
       2
       1
       0
       3
       4
       0
       1
       1
       1
       0
       0
       1
       1
       1
       0
       2
       0
       1
       4
       1
       1
       1
       0
       2
       1
       1
       4
       2
       0
       3
       2
       3
       2
       1
       2
       0
       2
       2
       1
       2
       2
       1
       1
       2
       3
       1
       2
       1
       0
       0
       3
       1
       0
       0
       1
       2
       1
       0
       0
       0
       5
       0
       1
       0
       0
       1
       0
       3
       0
       0
       0
       0
       0
       0
       0
       0
       0
       0
       0
       0
       0
       0
       0
       0
       0
       0
       0
       0
       0
       0
       0
       0
       0
       0
       0
       0
       0
       0
       0
       0
       0
       0
       0
       0
       0
       0
       0
       0
       0
       0
       0
       0
       0
       0
       0
       0
       0
       0
       0
       0
       0
       0
       0
       0
       0
       0
       0
       0
       0
       0
       0
       0
       0
       0
$ROI:
0
$PRESETS:
Real Time
600
0
$ENER_FIT:
0.000000 0.000000
$MCA_CAL:
3
0.000000E+000 0.000000E+000 0.000000E+000 
$SHAPE_CAL:
3
0.000000E+000 0.000000E+000 0.000000E+000
