$SPEC_ID:
No sample description was entered.
$SPEC_REM:
DET# 1
DETDESC# CK155-12 Easy-MCA-2k SN 11080666
AP# Maestro Version 7.01
$DATE_MEA:
01/20/2022 10:59:31
$MEAS_TIM:
298 300
$DATA:
0 2047
       0
       0
       1
       0
       0
       0
       0
       0
       1
       1
     315
     312
     278
     259
     332
     391
     500
    1038
    1614
    1381
     867
     659
     529
     430
     407
     395
     453
     481
     496
     486
     493
     536
     602
     622
     648
     694
     711
     823
     838
     857
     925
     927
    1021
     965
    1023
     998
    1063
    1133
    1110
    1133
    1171
    1169
    1178
    1171
    1192
    1168
    1299
    1243
    1219
    1240
    1181
    1260
    1145
    1255
    1217
    1276
    1252
    1260
    1220
    1248
    1168
    1219
    1208
    1146
    1188
    1179
    1137
    1127
    1119
    1101
    1085
    1062
     992
    1024
    1038
    1064
    1000
     975
     995
     977
     967
     935
     960
     965
     959
     936
     965
    1044
     958
     897
     927
     888
     894
     879
     849
     839
     833
     822
     764
     820
     755
     771
     757
     793
     787
     698
     749
     743
     769
     704
     727
     739
     738
     726
     657
     715
     696
     673
     646
     609
     630
     614
     634
     646
     592
     621
     609
     613
     568
     575
     599
     567
     550
     576
     600
     567
     544
     545
     569
     552
     537
     468
     510
     490
     504
     487
     504
     516
     517
     477
     474
     466
     431
     414
     468
     479
     445
     448
     407
     499
     453
     423
     438
     402
     415
     467
     388
     372
     444
     429
     429
     363
     368
     376
     347
     387
     332
     352
     309
     353
     360
     341
     324
     302
     350
     380
     322
     332
     361
     338
     299
     364
     314
     311
     310
     324
     320
     321
     315
     329
     332
     292
     292
     286
     327
     279
     309
     305
     267
     294
     290
     270
     261
     269
     262
     229
     257
     216
     238
     204
     239
     225
     228
     211
     208
     218
     212
     184
     185
     169
     193
     165
     199
     187
     174
     145
     155
     156
     149
     167
     152
     171
     132
     194
     153
     145
     120
     132
     144
     129
     149
     127
     111
     120
     106
     132
     135
     115
     107
     100
     110
      93
     110
     130
      94
     100
     114
     104
     124
     113
     129
     100
     118
     131
     113
     154
     114
     131
     130
     130
     153
     144
     152
     146
     138
     158
     181
     154
     202
     214
     225
     243
     247
     282
     333
     360
     405
     468
     524
     580
     642
     711
     751
     875
     963
    1029
    1101
    1134
    1258
    1278
    1405
    1400
    1431
    1334
    1385
    1307
    1241
    1242
    1084
    1075
     936
     874
     775
     672
     583
     516
     444
     376
     312
     280
     223
     166
     151
     143
      99
      90
      77
      77
      71
      59
      62
      43
      57
      53
      61
      48
      51
      47
      60
      46
      49
      51
      39
      56
      58
      47
      47
      52
      44
      61
      49
      41
      53
      45
      45
      53
      50
      35
      43
      46
      43
      31
      33
      47
      42
      40
      46
      48
      38
      45
      53
      33
      38
      36
      41
      40
      41
      46
      34
      43
      39
      37
      49
      31
      44
      37
      46
      38
      43
      36
      40
      40
      34
      47
      35
      26
      46
      32
      41
      43
      47
      40
      46
      50
      57
      43
      30
      34
      39
      46
      38
      49
      43
      44
      34
      50
      40
      47
      45
      33
      46
      46
      52
      38
      51
      53
      56
      41
      42
      40
      59
      48
      35
      24
      41
      49
      41
      39
      37
      42
      45
      37
      34
      38
      46
      39
      39
      33
      35
      39
      43
      46
      30
      32
      37
      32
      38
      29
      24
      28
      30
      36
      28
      24
      30
      39
      35
      23
      23
      33
      16
      33
      30
      29
      20
      26
      20
      21
      33
      28
      30
      20
      25
      25
      25
      31
      16
      30
      25
      28
      22
      15
      30
      32
      24
      39
      23
      24
      31
      29
      31
      36
      22
      28
      30
      33
      30
      29
      33
      32
      21
      37
      36
      26
      40
      27
      25
      44
      28
      28
      21
      23
      28
      18
      20
      26
      27
      27
      25
      24
      31
      24
      36
      25
      26
      33
      26
      18
      18
      22
      28
      18
      25
      25
      16
      18
      25
      18
      18
      25
      28
      19
      24
      19
      15
      15
      19
      14
      11
      27
      17
      14
      25
      26
      13
      16
      20
      19
      19
      18
      18
      29
      20
      15
      22
      18
      23
      18
      13
      15
      21
      19
      24
      16
      21
      13
      20
      11
      14
      18
      23
      15
      13
      18
      18
      15
      13
      15
      21
      15
      19
      12
      13
      12
      15
      11
      15
      29
      22
      12
      12
      14
      17
      10
      13
      28
      13
      13
      13
      21
      17
      12
      13
      13
      22
      15
      17
      19
      16
      20
      15
      19
      31
      26
      23
      20
      20
      19
      24
      13
      19
      18
      28
      21
      22
      27
      27
      18
      29
      28
      22
      30
      32
      41
      33
      40
      42
      28
      31
      40
      37
      44
      41
      48
      52
      41
      50
      51
      39
      58
      44
      57
      46
      51
      45
      53
      48
      40
      46
      52
      35
      41
      40
      43
      38
      43
      21
      25
      29
      27
      25
      22
      27
      26
      24
      23
      13
      13
      17
      15
      15
      17
      13
       9
       8
       7
       5
       8
       8
      14
       6
       9
       7
       8
      10
       7
       7
      11
       5
       9
       6
       4
       4
       6
       4
       4
       3
       7
       6
       2
      11
       5
       8
       9
       5
      12
       8
      10
       7
       7
       4
       7
       6
       5
       5
      11
       9
       6
       6
      10
       7
       6
       9
       7
       8
       7
       6
       9
       3
       8
       2
       2
       9
       4
       7
       5
       4
       4
       5
       7
       4
       4
       5
       4
       5
       7
       3
       3
      10
       7
       8
       4
       5
      10
       4
       4
       9
       3
       4
       3
       6
       5
       8
       6
       9
       6
       6
       9
       9
       6
       4
       6
       6
       8
      12
       8
       9
       9
       5
       8
       8
       2
       3
       9
       5
       8
       7
       5
       8
       6
       4
      10
       7
      11
       7
       4
       5
       2
       5
      10
       5
       7
       5
       6
       9
       5
       2
       5
       5
       1
       5
       5
       2
       2
       8
       2
       4
       5
       6
       7
       4
       3
       4
       3
       7
       2
       5
       4
       2
       2
       6
       3
       2
       2
       5
       4
       4
       3
       1
       5
       3
       5
       0
       5
       4
       1
       1
       6
       6
       6
       4
       3
       1
       1
       3
       5
       5
       1
       6
       1
       1
       1
       4
       3
       7
       1
       4
       5
       3
       3
       4
       3
       3
       0
       2
       6
       3
       4
       3
       0
       2
       2
       5
       5
       2
       3
       2
       4
       1
       6
       2
       3
       5
       4
       3
       6
       2
       8
       2
       2
       5
       7
       1
       1
       9
       5
       2
       7
       3
       8
       1
       3
       2
       5
       5
       4
      10
       1
       5
       0
       4
       9
       3
       5
       2
       4
       2
       5
       2
       0
       6
       7
       6
       3
       6
       3
       3
       4
       3
       2
       6
       3
       1
       3
       3
       1
       2
       5
       8
       5
       3
       6
       5
       4
       5
       9
       7
       3
       3
       3
       7
       2
       0
       3
       0
       7
       5
       1
       4
       2
       4
       3
       5
       4
       3
       2
       5
       7
       5
       3
       1
       1
       5
       4
       4
       7
       2
       3
       3
       2
       6
       2
       2
       0
       5
       3
       4
       3
       6
       6
       5
       5
       4
       8
       0
       2
       3
       8
       2
       3
       5
       3
       0
       6
       2
       3
       3
       4
       4
       2
       4
       4
       8
       7
       1
       1
       2
       1
       3
       3
       3
       4
       2
       1
       4
       4
       2
       3
       4
       4
       0
       1
       2
       7
       3
       1
       0
       1
       1
       4
       6
       3
       3
       2
       2
       1
       5
       2
       4
       2
       2
       3
       1
       2
       3
       3
       0
       5
       2
       1
       2
       0
       2
       1
       4
       0
       1
       2
       0
       2
       4
       1
       3
       2
       1
       1
       2
       1
       1
       1
       2
       0
       1
       1
       2
       2
       3
       2
       3
       2
       2
       1
       0
       1
       1
       0
       1
       0
       3
       1
       0
       1
       1
       1
       1
       1
       1
       1
       0
       2
       5
       2
       0
       1
       5
       2
       0
       1
       2
       4
       2
       3
       4
       1
       3
       3
       0
       1
       0
       4
       4
       4
       4
       3
       1
       1
       4
       5
       3
       6
       4
       4
       5
       9
       2
       3
       3
       5
       5
       6
       4
       5
       7
       3
       2
       3
       1
       4
       3
       7
       3
       9
       7
       5
       6
       2
       8
       8
       5
       4
       8
       4
       6
       9
       4
       6
       7
       4
       7
       4
       8
       3
       3
       4
       4
       4
       6
       1
       5
       5
       1
       4
       0
       2
       3
       3
       3
       5
       1
       4
       5
       3
       4
       1
       1
       0
       2
       0
       0
       1
       2
       2
       2
       0
       2
       1
       0
       1
       0
       3
       0
       1
       2
       1
       1
       0
       0
       1
       0
       0
       0
       0
       1
       0
       0
       0
       2
       0
       0
       1
       0
       0
       0
       2
       0
       1
       0
       0
       0
       0
       0
       0
       0
       0
       1
       0
       0
       1
       0
       0
       0
       0
       0
       0
       0
       0
       0
       0
       0
       0
       1
       0
       0
       0
       0
       0
       0
       0
       1
       0
       1
       1
       1
       0
       0
       0
       1
       1
       0
       0
       0
       0
       0
       0
       0
       0
       0
       0
       0
       0
       0
       0
       0
       1
       0
       0
       0
       0
       0
       0
       0
       0
       0
       0
       0
       0
       0
       0
       0
       1
       0
       0
       0
       0
       0
       0
       1
       0
       0
       0
       0
       0
       0
       0
       0
       0
       0
       0
       0
       0
       0
       0
       0
       0
       0
       0
       0
       0
       0
       1
       0
       0
       0
       0
       0
       1
       0
       0
       1
       0
       0
       0
       0
       0
       0
       0
       0
       0
       0
       1
       0
       0
       0
       0
       0
       0
       0
       1
       0
       0
       0
       0
       0
       0
       0
       0
       0
       0
       1
       0
       0
       0
       0
       0
       0
       0
       0
       0
       0
       1
       0
       0
       0
       0
       0
       0
       0
       1
       0
       0
       1
       1
       0
       0
       0
       0
       0
       0
       0
       0
       0
       0
       0
       0
       0
       0
       0
       0
       0
       3
       0
       0
       0
       0
       0
       1
       0
       0
       0
       0
       1
       0
       1
       0
       0
       0
       0
       0
       0
       0
       0
       0
       1
       0
       0
       0
       0
       0
       0
       0
       0
       1
       1
       0
       0
       0
       0
       0
       0
       0
       0
       0
       0
       1
       0
       1
       0
       0
       0
       0
       0
       0
       0
       0
       0
       0
       0
       1
       0
       0
       1
       0
       0
       0
       0
       1
       0
       0
       1
       0
       1
       0
       1
       0
       0
       0
       0
       0
       0
       0
       0
       0
       0
       0
       0
       0
       0
       1
       0
       1
       0
       0
       0
       0
       1
       0
       1
       0
       1
       0
       0
       0
       0
       0
       1
       0
       0
       0
       0
       1
       0
       0
       0
       0
       1
       0
       0
       2
       0
       0
       1
       0
       0
       0
       0
       0
       1
       0
       0
       0
       1
       1
       0
       0
       0
       4
       0
       0
       1
       1
       1
       0
       0
       0
       0
       1
       0
       0
       0
       1
       0
       1
       1
       0
       0
       0
       0
       0
       0
       0
       0
       0
       1
       0
       0
       2
       1
       0
       2
       0
       0
       2
       3
       3
       5
       3
       5
       6
       5
       5
       4
       7
       4
       6
       5
       3
       3
       2
       3
       2
       2
       5
       2
       2
       2
       3
       2
       3
       2
       1
       5
       4
       5
       3
       2
       1
       2
       4
       4
       3
       2
       3
       1
       2
       7
       1
       4
       2
       4
       2
       3
       4
       1
       6
       2
       3
       1
       2
       1
       1
       5
       2
       1
       2
       3
       0
       4
       1
       2
       3
       0
       0
       2
       0
       1
       1
       1
       4
       4
       0
       1
       1
       0
       2
       1
       1
       0
       3
       1
       3
       2
       1
       0
       2
       1
       3
       1
       4
       1
       3
       0
       3
       1
       1
       2
       0
       2
       0
       0
       0
       2
       3
       0
       1
       3
       1
       1
       0
       0
       0
       0
       6
       0
       1
       0
       2
       2
       0
       0
       0
       2
       0
       2
       0
       1
       0
       1
       1
       1
       0
       3
       1
       0
       2
       1
       0
       5
       0
       1
       1
       1
       1
       1
       0
       0
       3
       0
       2
       2
       2
       1
       1
       1
       0
       0
       1
       0
       0
       0
       1
       0
       1
       0
       0
       1
       1
       1
       0
       1
       0
       0
       0
       0
       0
       0
       1
       1
       0
       1
       1
       0
       2
       2
       0
       0
       0
       2
       1
       1
       0
       1
       0
       1
       1
       2
       1
       1
       0
       0
       2
       2
       2
       1
       0
       2
       0
       1
       0
       1
       0
       1
       2
       0
       0
       0
       1
       1
       2
       0
       3
       1
       2
       1
       1
       0
       2
       0
       1
       0
       0
       0
       2
       0
       0
       1
       0
       3
       0
       1
       1
       1
       1
       1
       0
       0
       0
       0
       2
       0
       1
       3
       0
       0
       1
       4
       0
       0
       1
       1
       1
       1
       1
       0
       1
       3
       0
       0
       3
       0
       1
       0
       0
       0
       1
       1
       1
       2
       2
       0
       1
       2
       3
       1
       2
       0
       1
       0
       0
       2
       0
       0
       0
       0
       0
       0
       0
       0
       0
       0
       0
       0
       1
       1
       1
       0
       0
       2
       5
       1
       0
       1
       0
       0
       0
       0
       0
       0
       0
       0
       0
       0
       0
       0
       0
       0
       0
       0
       0
       0
       0
       0
       0
       0
       0
       0
       0
       0
       0
       0
       0
       0
       0
       0
       0
       0
       0
       0
       0
       0
       0
       0
       0
       0
       0
       0
       0
       0
       0
       0
       0
       0
       0
       0
       0
       0
       0
       0
       0
       0
       0
       0
       0
       0
       0
       0
       0
       0
       0
$ROI:
0
$PRESETS:
Real Time
300
0
$ENER_FIT:
0.000000 0.000000
$MCA_CAL:
3
0.000000E+000 0.000000E+000 0.000000E+000 
$SHAPE_CAL:
3
0.000000E+000 0.000000E+000 0.000000E+000
