$SPEC_ID:
No sample description was entered.
$SPEC_REM:
DET# 1
DETDESC# CK155-12 Easy-MCA-2k SN 11080666
AP# Maestro Version 7.01
$DATE_MEA:
01/20/2022 11:06:38
$MEAS_TIM:
597 600
$DATA:
0 2047
       0
       0
       1
       0
       1
       0
       0
       0
       0
       2
     577
     570
     620
     615
     648
     727
    1065
    2164
    3183
    2860
    1763
    1172
    1019
     828
     801
     841
     879
     848
     926
    1003
    1029
    1045
    1092
    1224
    1266
    1462
    1481
    1520
    1665
    1700
    1778
    1874
    2051
    2044
    2100
    2034
    2063
    2215
    2180
    2306
    2402
    2256
    2356
    2342
    2459
    2417
    2375
    2414
    2436
    2408
    2616
    2511
    2470
    2543
    2531
    2397
    2465
    2417
    2381
    2428
    2469
    2395
    2409
    2291
    2300
    2232
    2217
    2246
    2166
    2201
    2238
    2131
    2105
    2034
    2048
    2126
    1982
    2023
    2026
    1884
    1926
    2009
    2021
    1912
    1916
    1879
    1888
    1895
    1850
    1778
    1845
    1755
    1722
    1724
    1699
    1718
    1608
    1705
    1581
    1552
    1544
    1546
    1551
    1542
    1524
    1504
    1514
    1435
    1550
    1489
    1430
    1485
    1435
    1358
    1413
    1376
    1364
    1351
    1330
    1250
    1344
    1221
    1220
    1218
    1263
    1180
    1224
    1248
    1174
    1191
    1165
    1162
    1167
    1139
    1107
    1086
    1147
    1167
    1120
    1064
    1072
    1042
    1016
    1000
    1025
    1007
     965
     978
     952
     988
     968
     998
     945
     923
     970
     889
     912
     879
     859
     908
     918
     899
     864
     907
     853
     860
     813
     815
     814
     840
     776
     756
     790
     789
     713
     700
     708
     706
     699
     716
     639
     651
     729
     661
     677
     677
     663
     675
     615
     619
     700
     686
     661
     650
     656
     675
     633
     617
     621
     605
     624
     620
     630
     569
     504
     602
     600
     609
     578
     570
     586
     591
     494
     559
     526
     514
     490
     501
     466
     437
     427
     460
     428
     402
     398
     411
     389
     389
     359
     363
     373
     356
     342
     392
     317
     312
     333
     357
     352
     311
     320
     295
     277
     316
     316
     277
     276
     302
     262
     251
     253
     256
     242
     263
     249
     256
     207
     215
     262
     225
     215
     228
     225
     226
     209
     237
     239
     215
     214
     262
     266
     243
     278
     284
     243
     256
     255
     238
     274
     269
     291
     275
     282
     305
     304
     326
     300
     332
     376
     404
     423
     431
     536
     556
     633
     688
     802
     906
    1038
    1177
    1276
    1361
    1548
    1748
    1941
    2012
    2162
    2324
    2463
    2564
    2691
    2669
    2753
    2693
    2671
    2675
    2592
    2321
    2276
    2050
    1872
    1812
    1530
    1463
    1255
    1014
     854
     742
     609
     565
     443
     358
     285
     265
     193
     159
     157
     143
     142
     108
      94
     118
     116
     104
      97
     122
     107
     100
     103
     130
     111
     105
     103
      93
      97
      92
      96
      84
      94
      87
     106
      92
      92
     101
     105
      90
      96
      83
      97
      74
      99
      99
     100
      84
      88
      98
      96
      90
      97
      90
      89
      65
      79
      84
      74
      79
      90
      77
      86
      83
      75
      72
      94
      76
      89
      86
      82
      94
      94
      78
      85
      80
      73
      83
      78
      88
      75
      85
      81
      83
      86
      66
      90
      90
      83
      73
      76
      96
      81
      90
      73
      76
      75
     101
      85
      75
      87
      99
      97
      90
      93
      87
     111
      73
      88
      87
      86
      89
      87
      81
     102
      69
      94
      79
      82
      83
      83
      85
      98
      90
      84
      72
      71
      93
      71
      73
      77
      78
      72
      85
      72
      73
      71
      65
      67
      56
      74
      51
      63
      71
      61
      59
      54
      39
      60
      60
      54
      50
      59
      60
      65
      56
      54
      60
      57
      47
      51
      48
      55
      51
      66
      61
      63
      52
      57
      52
      59
      57
      62
      53
      56
      54
      54
      59
      59
      66
      56
      62
      66
      60
      51
      58
      55
      52
      52
      65
      65
      54
      51
      60
      64
      64
      63
      61
      69
      68
      53
      57
      60
      65
      47
      64
      61
      72
      51
      47
      55
      40
      57
      50
      47
      36
      49
      58
      49
      56
      58
      60
      43
      51
      40
      48
      57
      54
      43
      47
      44
      37
      63
      35
      39
      36
      40
      48
      48
      41
      44
      43
      53
      44
      46
      40
      53
      39
      34
      43
      43
      45
      29
      40
      45
      38
      48
      33
      38
      41
      33
      31
      36
      34
      33
      43
      42
      42
      43
      39
      28
      35
      46
      32
      39
      38
      30
      31
      34
      31
      23
      34
      28
      21
      37
      38
      33
      33
      23
      28
      28
      38
      32
      28
      25
      24
      30
      30
      21
      25
      29
      37
      22
      26
      28
      34
      29
      32
      24
      37
      43
      30
      27
      33
      48
      33
      40
      38
      41
      47
      37
      46
      39
      44
      55
      58
      50
      53
      47
      47
      49
      56
      53
      57
      52
      73
      60
      50
      69
      62
      76
      75
      85
      89
      96
      90
      86
     100
     111
      95
      91
      92
      99
     104
     111
      89
     102
     111
     110
      99
      93
      92
     104
      99
      84
     100
      88
      89
      88
      53
      81
      64
      41
      58
      58
      42
      43
      28
      43
      45
      37
      19
      35
      36
      31
      26
      20
      24
      12
      20
      16
      17
      16
      16
      14
      13
      14
      16
      16
      13
      16
      17
      14
      13
      10
       8
      10
       9
      12
      13
      15
      18
      16
      16
       9
      23
      17
      14
      11
      20
      18
      15
      14
      17
      11
      14
      16
      11
      11
       9
       9
       7
      14
      12
      12
      10
      13
       6
      16
      13
      10
      13
      17
      18
      17
      14
      11
      16
       7
      14
      10
       9
      16
      13
      14
      14
       8
      14
       8
       7
       5
      11
      17
      10
      12
      12
      11
      16
      14
      12
      16
      11
       9
      13
      14
       7
       9
      15
      10
      10
       8
      10
      13
      19
      17
      16
      14
      16
      15
      15
      15
      16
      14
      16
       8
      11
       8
      15
      21
      10
      22
      12
      13
      13
      13
      17
      13
      11
      13
      15
      11
       4
      15
      16
       8
      16
      12
      10
       8
       7
      17
      14
       8
      14
      16
       6
      12
      15
      10
       6
      11
       6
       9
      11
       9
       8
       7
       6
       7
       8
      10
      12
       4
       2
      11
      10
       8
      12
      14
       5
       4
      11
       6
       8
       8
       7
       8
       9
       5
       6
       6
      11
       9
       5
       5
       3
       4
       4
       6
       4
       7
      10
       5
      10
      12
       5
       1
       4
       8
       7
       7
       7
       3
       4
       2
       5
       4
       6
       5
       4
       8
       7
      11
       5
       7
      11
       5
       7
       6
       4
       6
       1
       7
       7
       2
       7
       7
       7
       6
       4
       5
       3
       4
       9
       5
       4
       7
       2
       5
       7
      10
       3
       8
       6
       8
       4
       4
       4
       7
       7
       6
      13
       3
       9
       6
       6
       5
       7
       6
       9
       8
       6
       5
       5
       5
       7
       9
      11
      10
      13
      11
      10
       9
       6
       4
       9
       8
       7
       7
      10
      10
       7
      10
       6
      10
      13
       8
      14
      11
      12
      10
      10
       8
       9
      10
      10
      11
      10
       7
       8
      11
      10
      14
       5
       7
      10
       7
       8
       9
       9
       8
       8
       8
      13
      10
      14
       4
       9
       8
      13
       6
       6
       6
       8
       6
       7
       7
       9
       4
       5
      10
       6
       6
       7
       8
       8
       0
       9
       1
      10
       1
      13
       7
       7
      10
       9
       8
       1
       6
       6
       9
       4
       6
       9
       3
      10
       7
       5
       4
       7
       6
       4
       1
       8
       5
       7
       6
       5
       6
       2
       5
       7
       7
       5
       5
       3
       3
       1
       3
       4
       9
       4
       4
       2
       4
       1
       2
       5
       7
       2
       4
       3
       3
       7
       3
       3
       3
       3
       2
       2
       1
       1
       1
       2
       2
       2
       3
       2
       7
       5
       2
       0
       2
       2
       0
       4
       6
       4
       2
       1
       3
       3
       4
       9
       2
       7
       1
       5
       3
       2
       3
       3
       0
       1
       5
       2
       6
       2
       6
       3
       2
       2
       4
       2
       3
       2
       3
       3
       2
       1
       1
       1
       9
       4
       2
       5
       0
       2
       5
       7
       1
       3
       6
       5
       3
       4
       3
       3
       3
       7
       3
       8
       5
       9
      10
       6
       4
       9
       6
       8
       6
      13
       5
       9
       8
       8
      14
       4
       7
      10
       7
      10
      10
      12
       6
      11
      11
       9
      11
       6
      15
      14
      23
       6
      14
       5
      13
       8
      13
      13
      13
      16
      14
       8
       9
      11
      11
      10
      11
      12
       8
      10
      14
       9
       7
      16
      12
       7
       9
      18
      13
      12
       5
      10
       6
       5
       7
       7
       6
       7
       7
       3
       3
       5
       4
       3
       7
       4
       7
       5
       3
       4
       6
       5
       2
       0
       1
       3
       3
       2
       0
       2
       3
       0
       0
       0
       0
       1
       1
       1
       0
       1
       1
       2
       2
       3
       1
       0
       1
       0
       0
       0
       0
       0
       1
       0
       1
       0
       0
       0
       0
       0
       0
       1
       0
       0
       0
       1
       0
       1
       0
       1
       0
       2
       0
       0
       0
       0
       0
       1
       0
       0
       1
       0
       0
       0
       1
       0
       0
       0
       1
       1
       0
       0
       0
       0
       1
       0
       1
       0
       0
       0
       0
       0
       1
       0
       1
       0
       0
       1
       0
       0
       0
       0
       0
       0
       1
       0
       0
       0
       1
       1
       1
       0
       0
       0
       0
       0
       1
       1
       1
       0
       0
       0
       0
       0
       0
       0
       0
       0
       0
       1
       0
       1
       2
       2
       0
       0
       0
       1
       1
       0
       0
       0
       0
       0
       0
       1
       0
       0
       0
       0
       0
       0
       1
       0
       1
       2
       0
       1
       0
       0
       0
       0
       2
       0
       0
       1
       0
       0
       0
       1
       0
       0
       0
       2
       1
       0
       0
       0
       0
       1
       0
       0
       0
       1
       0
       0
       0
       0
       0
       1
       2
       0
       1
       1
       3
       0
       0
       0
       0
       0
       0
       1
       0
       1
       1
       0
       0
       0
       0
       0
       0
       0
       0
       2
       0
       0
       0
       0
       2
       0
       0
       0
       1
       0
       0
       1
       0
       1
       0
       0
       0
       0
       1
       0
       0
       1
       0
       0
       0
       0
       0
       0
       1
       1
       0
       0
       2
       0
       1
       0
       1
       0
       0
       0
       0
       0
       0
       0
       1
       0
       0
       1
       1
       0
       0
       0
       0
       0
       1
       0
       0
       1
       0
       1
       0
       0
       0
       0
       0
       0
       0
       0
       0
       0
       1
       0
       1
       0
       0
       0
       1
       0
       0
       0
       2
       1
       0
       1
       0
       0
       0
       0
       0
       0
       1
       0
       2
       0
       0
       0
       0
       0
       0
       0
       0
       0
       0
       0
       1
       0
       0
       0
       1
       0
       1
       0
       1
       1
       1
       1
       0
       0
       1
       0
       1
       0
       1
       1
       0
       0
       0
       0
       0
       0
       0
       0
       0
       0
       0
       0
       1
       0
       2
       1
       0
       1
       0
       1
       2
       0
       1
       0
       1
       3
       0
       2
       1
       0
       1
       2
       0
       1
       0
       0
       0
       1
       0
       1
       0
       1
       0
       0
       0
       1
       2
       0
       2
       0
       3
       2
       2
       0
       1
       0
       0
       2
       0
       4
       2
       1
       0
       3
       2
       3
       4
       9
      10
       9
      13
      11
      14
      16
      13
      11
       8
       9
      11
       8
       5
       6
       7
       6
       7
       8
       8
       7
       8
       8
       9
       9
       5
       6
       8
       6
       4
       3
       7
       5
      10
       5
       7
       9
       6
       3
       6
       4
       6
       6
       7
       4
       4
       6
       5
       5
       8
       3
       3
       1
       3
       2
       5
       1
       1
       4
       7
       7
       5
       1
       2
       2
       2
       3
       4
       4
       1
       5
       8
       5
       2
       1
       3
       2
       6
       2
       3
       0
       2
       6
       4
       4
       3
       2
       4
       3
       0
       4
       3
       3
       2
       3
       1
       4
       2
       3
       1
       5
       2
       1
       1
       4
       1
       3
       3
       2
       0
       3
       2
       1
       0
       1
       3
       1
       3
       0
       0
       2
       3
       0
       0
       1
       1
       1
       2
       3
       3
       3
       2
       2
       4
       0
       3
       1
       1
       1
       1
       1
       4
       1
       0
       0
       3
       4
       0
       2
       2
       2
       1
       2
       1
       1
       1
       2
       1
       1
       1
       2
       1
       3
       3
       0
       1
       1
       4
       0
       0
       2
       2
       1
       5
       3
       1
       4
       1
       2
       0
       4
       1
       3
       2
       0
       0
       0
       3
       1
       2
       1
       4
       3
       2
       1
       1
       1
       0
       1
       3
       1
       0
       1
       1
       1
       0
       2
       1
       1
       2
       1
       2
       0
       1
       3
       1
       4
       3
       1
       1
       1
       2
       1
       0
       2
       0
       1
       2
       1
       0
       0
       3
       0
       3
       1
       0
       2
       1
       1
       2
       2
       5
       0
       0
       2
       3
       2
       1
       1
       3
       1
       1
       2
       0
       4
       1
       0
       0
       0
       1
       4
       2
       4
       2
       0
       2
       2
       2
       0
       1
       2
       3
       1
       1
       0
       3
       3
       1
       0
       3
       1
       2
       2
       1
       0
       1
       3
       1
       0
       1
       2
       0
       3
       1
       0
       2
       2
       0
       1
       1
       1
       0
       0
       0
       1
       1
       0
       1
       3
       1
       2
       3
       2
       2
       1
       1
       0
       1
       1
       0
       0
       0
       0
       0
       0
       0
       0
       0
       0
       0
       0
       0
       0
       0
       0
       0
       0
       0
       0
       0
       0
       0
       0
       0
       0
       0
       0
       0
       0
       0
       0
       0
       0
       0
       0
       0
       0
       0
       0
       0
       0
       0
       0
       0
       0
       0
       0
       0
       0
       0
       0
       0
       0
       0
       0
       0
       0
       0
       0
       0
       0
       0
       0
       0
       0
$ROI:
1
289 348
$PRESETS:
Real Time
600
0
$ENER_FIT:
0.000000 0.000000
$MCA_CAL:
3
0.000000E+000 0.000000E+000 0.000000E+000 
$SHAPE_CAL:
3
0.000000E+000 0.000000E+000 0.000000E+000
