$SPEC_ID:
No sample description was entered.
$SPEC_REM:
DET# 1
DETDESC# CK155-12 Easy-MCA-2k SN 11080666
AP# Maestro Version 7.01
$DATE_MEA:
03/17/2022 13:59:31
$MEAS_TIM:
300 302
$DATA:
0 2047
       0
       0
       9
       8
       8
      12
      12
      36
      68
     163
     551
     450
     450
     426
     464
     423
     443
     433
     471
     464
     456
     479
     494
     489
     480
     513
     493
     490
     536
     527
     493
     531
     512
     550
     559
     571
     547
     562
     507
     549
     530
     512
     583
     563
     632
     570
     560
     586
     568
     618
     623
     670
     666
     598
     673
     697
     605
     659
     688
     654
     699
     755
     716
     769
     800
     850
     829
     849
     873
     886
     965
     919
     940
     944
     905
     981
    1002
    1003
    1068
    1041
    1029
    1091
    1135
    1133
    1112
    1082
    1106
    1092
    1105
    1194
    1183
    1131
    1170
    1185
    1188
    1202
    1150
    1234
    1145
    1223
    1191
    1243
    1226
    1228
    1266
    1259
    1238
    1344
    1221
    1329
    1266
    1312
    1310
    1344
    1314
    1356
    1346
    1281
    1319
    1302
    1344
    1346
    1391
    1292
    1230
    1278
    1348
    1294
    1313
    1282
    1235
    1203
    1261
    1193
    1317
    1242
    1309
    1209
    1259
    1219
    1217
    1200
    1231
    1209
    1222
    1191
    1219
    1244
    1172
    1278
    1274
    1202
    1169
    1264
    1206
    1274
    1185
    1254
    1168
    1233
    1177
    1209
    1249
    1214
    1120
    1160
    1159
    1130
    1163
    1125
    1094
    1108
    1142
    1090
    1111
    1103
    1113
    1057
    1123
    1083
    1118
    1026
    1131
    1082
    1106
    1115
    1129
    1051
    1125
    1056
    1082
    1108
    1083
    1180
    1120
    1170
    1070
    1152
    1187
    1116
    1153
    1215
    1157
    1126
    1185
    1180
    1143
    1069
    1165
    1159
    1142
    1094
    1103
    1128
    1127
    1121
    1089
    1072
    1146
    1106
    1078
    1121
    1037
    1062
    1014
    1053
    1020
    1049
    1009
    1047
    1040
    1059
     988
     976
    1003
    1017
     998
    1063
     964
     981
     988
     951
     956
     943
     957
     910
     954
     937
    1029
     955
     949
     958
     944
     957
     902
     916
     941
     948
     938
     945
     896
     911
     951
     895
     894
     903
     920
     837
     870
     926
     896
     845
     834
     898
     881
     905
     838
     884
     858
     859
     805
     830
     805
     858
     772
     804
     799
     775
     767
     748
     706
     723
     728
     662
     693
     686
     623
     626
     607
     576
     620
     565
     587
     587
     563
     557
     529
     533
     552
     493
     522
     509
     513
     509
     515
     479
     459
     463
     423
     546
     423
     463
     474
     435
     414
     426
     377
     398
     403
     395
     405
     399
     379
     408
     382
     359
     359
     357
     351
     391
     361
     324
     348
     358
     338
     329
     347
     341
     303
     325
     316
     290
     295
     316
     292
     305
     311
     284
     282
     327
     329
     342
     292
     274
     274
     300
     292
     286
     283
     265
     280
     256
     278
     256
     258
     293
     228
     263
     286
     249
     277
     258
     280
     275
     246
     267
     266
     251
     259
     238
     238
     256
     295
     279
     261
     285
     279
     304
     281
     294
     302
     322
     335
     360
     341
     343
     386
     380
     407
     450
     473
     562
     536
     608
     685
     723
     756
     846
     979
    1022
    1117
    1191
    1363
    1408
    1658
    1780
    1852
    2031
    2153
    2359
    2545
    2694
    2784
    2898
    3131
    3251
    3557
    3634
    3750
    3954
    4105
    4097
    4190
    4199
    4289
    4342
    4277
    4228
    4247
    4161
    4161
    4047
    3851
    3640
    3614
    3420
    3161
    3145
    2891
    2801
    2374
    2281
    2060
    1988
    1765
    1642
    1453
    1294
    1248
     995
     927
     834
     709
     659
     576
     526
     465
     402
     362
     348
     295
     267
     245
     230
     221
     213
     195
     182
     145
     158
     161
     176
     146
     161
     163
     169
     164
     120
     169
     161
     134
     182
     149
     159
     163
     176
     178
     146
     146
     176
     147
     138
     149
     156
     154
     138
     149
     152
     146
     138
     158
     144
     145
     128
     140
     134
     139
     122
     156
     149
     138
     145
     129
     131
     138
     130
     162
     155
     146
     122
     128
     133
     120
     124
     109
     121
     131
     128
     120
     135
     135
     124
     114
     126
     107
      93
     132
     123
     124
     114
     122
     123
     100
     144
     114
     129
     115
     111
     120
     122
     120
     123
     109
     118
     122
     113
     121
     117
     122
     116
     107
     125
     117
     123
     113
     103
     118
     124
     109
     118
     123
     123
     130
     121
     127
     114
     116
     117
     100
     101
     120
     113
     121
     115
     137
     116
     126
     120
     103
     133
     142
     117
     101
     114
     116
     132
     121
     106
     120
     108
     132
     117
     103
     134
     116
     122
     124
     125
     116
     108
     101
     112
     105
     109
     119
     120
     124
     121
     124
     109
     119
     121
     110
     116
     110
     134
     135
     128
     124
     119
     120
     116
     115
     119
     122
      96
     115
     117
     143
     121
     117
     134
     122
     122
      99
     142
     106
     101
     115
     117
     140
     132
     118
     122
     121
      99
     124
     128
     106
     114
     118
     103
     107
     110
     111
      89
     104
     112
     102
     108
     119
     133
     118
     115
     106
     114
     122
     127
     155
      92
     102
     108
      98
     126
     120
     111
     108
     107
     119
     112
      90
     105
     105
     111
     111
     120
     114
     118
     113
     117
     113
     110
     107
     113
     126
     102
     117
     121
     113
     100
     127
     111
     114
     112
     121
     120
     116
     103
      96
     113
     110
     108
     129
     133
     109
     113
     108
     123
     120
     119
     112
     131
     107
     113
     136
     114
     125
     125
     128
     121
     117
     124
     109
     116
     123
     145
     107
     120
     137
     103
     126
     134
     119
     132
     132
     114
     135
     131
     119
     108
     134
     115
     112
     112
     124
     138
     133
     115
     115
     135
     132
     105
     113
     129
     115
     122
     100
     140
     113
     142
     102
     123
     152
     122
     136
     131
     121
     149
     131
     111
     104
     112
     126
     120
     125
     142
     150
     128
     122
     113
     133
     125
     106
     124
     139
     133
     148
     133
     119
     106
     134
     116
     155
     110
     121
     139
     116
     139
     141
     118
     132
     122
     140
     113
     125
     126
     128
     128
     140
     115
     116
     141
     126
     103
     128
     130
     116
     116
     116
     119
     111
     103
     120
     115
     128
     123
     112
     118
     113
      99
     129
     107
     104
     100
     115
     103
     113
     113
     105
     102
     100
      88
      91
      90
     117
      87
     104
      91
      92
      86
      75
      79
      89
      85
      78
      75
      65
      62
      58
      77
      75
      66
      70
      75
      55
      63
      66
      54
      56
      64
      67
      61
      57
      61
      69
      61
      55
      57
      59
      46
      54
      54
      41
      52
      47
      56
      42
      45
      43
      49
      49
      49
      45
      53
      48
      27
      33
      35
      37
      35
      34
      31
      35
      30
      40
      33
      37
      31
      40
      31
      44
      42
      34
      34
      38
      40
      33
      48
      31
      29
      42
      33
      36
      30
      27
      42
      35
      40
      30
      40
      30
      36
      27
      21
      23
      42
      23
      24
      30
      25
      26
      29
      26
      41
      30
      34
      30
      30
      33
      23
      44
      35
      35
      38
      34
      50
      27
      40
      42
      53
      48
      30
      46
      48
      58
      47
      55
      61
      52
      54
      51
      63
      52
      66
      68
      65
      73
      76
      71
      81
      86
      99
     104
      97
      93
     111
      95
     133
     127
     129
     133
     148
     116
     141
     151
     161
     186
     173
     196
     207
     166
     197
     221
     233
     232
     229
     250
     270
     274
     300
     298
     289
     337
     330
     343
     364
     370
     410
     386
     402
     446
     391
     448
     450
     489
     468
     486
     492
     514
     533
     483
     566
     540
     562
     539
     589
     560
     580
     551
     563
     536
     542
     560
     583
     603
     595
     546
     569
     546
     540
     529
     505
     513
     528
     507
     486
     500
     503
     482
     461
     445
     456
     423
     404
     388
     390
     352
     357
     321
     375
     328
     322
     331
     256
     276
     242
     275
     234
     190
     222
     189
     177
     166
     191
     182
     151
     155
     127
     133
     114
     110
     105
      85
      87
      90
      80
      79
      80
      61
      63
      69
      54
      42
      50
      41
      42
      37
      28
      39
      20
      25
      23
      23
      36
      16
      31
      23
      18
      28
      24
      20
      17
      26
      20
      19
      17
      13
      21
      14
      19
      20
      16
      11
      20
      16
      13
      16
      14
      13
      18
      18
      17
      11
      19
      12
      14
      18
      16
      17
      15
      16
      16
      19
      20
      14
      19
      22
      16
      21
      17
      16
      15
      23
      18
      17
      24
      21
      21
      27
      24
      28
      16
      21
      28
      33
      21
      26
      23
      29
      30
      28
      31
      17
      28
      25
      27
      27
      16
      24
      24
      27
      22
      20
      25
      32
      31
      27
      29
      21
      29
      33
      28
      15
      28
      35
      36
      25
      33
      27
      32
      24
      27
      27
      32
      17
      32
      29
      25
      29
      28
      23
      34
      17
      23
      22
      28
      19
      11
      24
      24
      26
      20
      18
      19
      22
      20
       9
      17
      24
      14
      17
      21
      16
      15
      12
      15
       7
       6
      15
      18
      15
      13
      14
      17
      10
       5
      14
       7
       6
       7
      12
       7
      11
      12
       9
      10
       8
       6
      11
       7
       3
      13
       4
       6
       9
       7
      12
       7
       9
       7
       9
       8
       8
       6
      10
       9
       7
       8
       9
       6
      11
       3
       9
       7
       9
       6
       1
       1
      12
       7
      10
       7
       6
      15
      10
       3
      10
       5
       2
       6
       6
       9
       6
      13
       4
       7
       5
       8
       2
       5
      15
       8
       9
       8
       2
       2
       6
       9
       3
       8
       7
       7
       8
       9
       4
       9
       5
      11
       5
       6
       4
       3
      11
       3
       6
      10
       4
       4
       2
       8
       3
       3
       9
       4
       2
      10
       3
       4
       1
       3
       3
       6
       4
       4
       3
       6
       2
       3
       5
       6
       5
       2
       3
       2
       7
       6
       6
       4
       7
       4
       4
       3
       9
       2
       6
       3
       5
       4
       6
       6
       4
       5
       5
       6
       4
       3
       4
       5
       4
       4
       3
       4
       5
       3
       2
       3
       3
       2
       1
       4
       3
       2
       6
       3
       2
       5
       0
       4
       4
       1
       4
       7
       5
       2
       5
       3
       6
       2
       1
       4
       3
       2
       8
       5
      10
       3
       2
       6
       9
       5
       4
       1
       9
       4
      12
       6
       4
       5
       5
      10
       7
       7
       5
       0
       4
      12
       8
       7
       4
       6
       4
       5
      14
       5
      12
       8
       6
       6
       9
      14
       9
       4
       6
       8
      10
       9
       9
       7
      11
      11
      10
      14
      11
      16
      13
       7
      10
      13
       8
      10
      10
      15
      13
       5
       7
      12
      10
      19
      14
       7
       8
       6
      16
       7
       8
       5
      14
       9
      11
      17
      14
      19
      10
      15
      10
      16
       8
      11
      12
      12
      12
       7
      12
       4
       6
       8
       8
       7
      18
      14
       7
       8
       6
       6
       6
       7
       7
       8
       6
      10
      10
       6
       3
       4
       8
       3
       2
       3
       8
       2
       6
       1
       3
       5
       3
       4
       4
       5
       4
       3
       2
       3
       3
       0
       5
       5
       3
       3
       6
       4
       0
       0
       0
       4
       3
       4
       0
       1
       0
       0
       3
       0
       0
       3
       2
       3
       1
       3
       3
       1
       1
       3
       1
       4
       0
       2
       2
       2
       3
       1
       2
       3
       1
       3
       4
       2
       3
       0
       4
       3
       0
       3
       2
       0
       6
       4
       1
       1
       1
       2
       1
       2
       1
       1
       0
       1
       1
       0
       2
       2
       1
       2
       2
       1
       1
       2
       1
       1
       1
       1
       0
       1
       3
       4
       4
       1
       1
       2
       2
       1
       3
       1
       0
       0
       3
       3
       5
       0
       0
       2
       0
       1
       2
       1
       1
       5
       3
       6
       4
       1
       1
       0
       0
       1
       2
       0
       1
       5
       0
       1
       3
       1
       0
       0
       2
       2
       2
       0
       0
       4
       1
       2
       3
       3
       3
       3
       2
       2
       0
       1
       3
       3
       1
       1
       1
       0
       1
       3
       6
       3
       0
       0
       6
       2
       2
       1
       0
       2
       4
       2
       2
       1
       3
       2
       5
       2
       5
       3
       0
       2
       3
       1
       1
       5
       1
       2
       3
       5
       2
       8
       4
       3
       0
       3
       2
       4
       3
       3
       1
       4
       4
       1
       3
       4
       4
       4
       3
       1
       2
       4
       1
       3
       3
       1
       4
       4
       1
       3
       3
       0
       3
       2
       4
       4
       2
       1
       2
       3
       0
       1
       6
       2
       1
       2
       1
       3
       4
       3
       2
       3
       2
       1
       3
       1
       4
       1
       1
       4
       4
       3
       0
       2
       1
       5
       0
       3
       1
       1
       2
       4
       0
       0
       1
       1
       2
       1
       0
       0
       0
       0
       0
       0
       0
       0
       0
       0
       0
       0
       0
       0
       0
       0
       0
       0
       0
       0
       0
       0
       0
       0
       0
       0
       0
       0
       0
       0
       0
       0
       0
       0
       0
       0
       0
       0
       0
       0
       0
       0
       0
       0
       0
       0
       0
       0
       0
       0
       0
       0
       0
       0
       0
       0
       0
       0
       0
       0
       0
       0
       0
       0
       0
       0
       0
       0
       0
       0
       0
       0
       0
       0
       0
       0
       0
       0
       0
       0
       0
       0
       0
       0
       0
       0
       0
       0
       0
       0
       0
       0
       0
       0
       0
       0
       0
       0
       0
       0
       0
       0
       0
       0
       0
       0
       0
       0
       0
       0
       0
       0
       0
       0
       0
       0
       0
       0
       0
       0
       0
       0
       0
       0
       0
       0
       0
       0
       0
       0
       0
       0
       0
       0
       0
       0
       0
       0
       0
       0
       0
       0
       0
       0
       0
       0
       0
       0
       0
       0
       0
       0
       0
       0
       0
       0
       0
       0
       0
       0
       0
       0
       0
       0
       0
       0
       0
       0
       0
       0
       0
       0
       0
       0
       0
       0
       0
       0
       0
       0
       0
       0
       0
       0
       0
       0
       0
       0
       0
       0
       0
       0
$ROI:
0
$PRESETS:
None
0
0
$ENER_FIT:
0.000000 1.000000
$MCA_CAL:
3
0.000000E+000 1.000000E+000 0.000000E+000 keV
$SHAPE_CAL:
3
1.000000E+000 0.000000E+000 0.000000E+000
