$SPEC_ID:
No sample description was entered.
$SPEC_REM:
DET# 1
DETDESC# CK155-12 Easy-MCA-2k SN 11080666
AP# Maestro Version 7.01
$DATE_MEA:
03/17/2022 14:08:45
$MEAS_TIM:
120 120
$DATA:
0 2047
       0
       0
       0
       0
       0
       0
       0
       0
       0
       9
      48
      46
      49
      33
      41
      55
      50
      64
      56
      28
      57
      50
      49
      56
      48
      47
      44
      48
      46
      49
      44
      76
      44
      58
      56
      73
      65
      58
      62
      61
      55
      51
      65
      60
      59
      53
      60
      40
      58
      59
      57
      55
      66
      78
      63
      69
      66
      57
      66
      52
      63
      57
      73
      51
      56
      61
      75
      65
      55
      59
      69
      55
      49
      70
      67
      44
      63
      62
      57
      61
      64
      65
      64
      48
      68
      69
      51
      57
      49
      50
      64
      54
      49
      62
      71
      55
      65
      78
      61
      66
      56
      59
      59
      68
      62
      67
      67
      63
      57
      73
      54
      54
      60
      60
      58
      63
      63
      63
      74
      52
      61
      56
      59
      58
      69
      55
      54
      50
      50
      55
      73
      66
      49
      54
      71
      58
      72
      61
      65
      67
      64
      61
      61
      58
      57
      60
      52
      68
      84
      50
      51
      68
      75
      66
      65
      67
      64
      61
      72
      58
      57
      60
      76
      69
      57
      61
      75
      68
      53
      62
      78
      77
      60
      60
      54
      64
      52
      63
      41
      70
      57
      64
      60
      60
      58
      70
      60
      50
      52
      77
      51
      61
      55
      62
      60
      49
      63
      53
      58
      49
      56
      56
      73
      57
      55
      58
      62
      70
      48
      58
      60
      51
      59
      57
      49
      60
      57
      61
      63
      57
      58
      69
      69
      50
      52
      61
      55
      57
      61
      59
      67
      61
      59
      45
      57
      67
      53
      65
      66
      57
      70
      86
      66
      80
      55
      58
      68
      66
      71
      57
      49
      64
      63
      60
      72
      70
      62
      64
      73
      49
      60
      54
      54
      80
      51
      79
      78
      43
      74
      64
      66
      75
      69
      75
      84
      63
      59
      68
      68
      64
      67
      75
      75
      67
      64
      56
      52
      50
      53
      58
      56
      55
      40
      50
      53
      48
      42
      41
      28
      37
      35
      24
      32
      23
      26
      33
      30
      26
      27
      25
      14
      20
      21
      28
      11
      11
      14
      16
      17
      14
      26
      11
      17
      14
      16
      14
      10
       9
      16
      16
      16
      10
      22
      10
      12
      17
       9
       8
       7
      15
       8
       7
       5
       5
      10
       9
      12
       8
      14
       8
       4
       7
      10
       9
      10
       9
       7
      10
       5
       3
       8
       9
       5
      10
      10
       8
       9
      10
       5
       4
       5
      11
       9
       6
      13
       8
       9
       7
       9
      13
       9
       8
      16
      10
       9
       9
      12
       7
      15
       8
      15
      10
      17
      12
      11
      17
      11
      14
      21
      28
      28
      34
      23
      34
      31
      44
      43
      46
      49
      53
      68
      84
      87
     103
     108
     117
     138
     162
     183
     215
     249
     236
     238
     322
     338
     377
     427
     447
     483
     511
     522
     612
     615
     687
     727
     786
     812
     741
     899
     894
     959
     936
     987
     977
     966
    1007
    1008
     960
    1004
     929
     870
     887
     917
     839
     779
     788
     742
     721
     689
     592
     567
     537
     478
     438
     387
     375
     328
     267
     251
     238
     200
     175
     159
     105
     110
      92
      79
      58
      58
      56
      39
      23
      32
      27
      20
       9
       6
       5
       9
       8
       6
       5
       6
       3
       1
       3
       2
       0
       1
       3
       2
       2
       2
       0
       1
       3
       0
       1
       0
       2
       2
       3
       2
       2
       0
       2
       0
       1
       3
       0
       1
       0
       1
       3
       0
       2
       2
       0
       1
       1
       2
       1
       0
       0
       3
       0
       3
       1
       2
       4
       0
       1
       4
       0
       0
       2
       1
       3
       1
       0
       3
       3
       2
       1
       1
       0
       1
       6
       0
       1
       3
       0
       1
       1
       0
       2
       1
       2
       0
       1
       1
       0
       3
       4
       2
       5
       1
       0
       1
       2
       0
       0
       1
       2
       2
       1
       2
       1
       3
       1
       1
       0
       1
       1
       4
       5
       1
       2
       0
       2
       2
       1
       0
       0
       1
       1
       1
       1
       0
       2
       1
       1
       1
       3
       3
       2
       1
       1
       1
       3
       3
       0
       1
       0
       3
       2
       3
       1
       2
       1
       0
       1
       1
       1
       3
       2
       0
       1
       0
       2
       0
       0
       1
       0
       1
       0
       1
       2
       2
       3
       4
       3
       2
       1
       1
       2
       0
       3
       2
       1
       2
       3
       1
       2
       1
       4
       2
       2
       3
       1
       3
       2
       1
       1
       0
       0
       0
       1
       1
       1
       0
       0
       1
       2
       2
       2
       1
       3
       0
       1
       2
       1
       2
       1
       0
       2
       0
       1
       1
       1
       1
       1
       3
       1
       1
       3
       0
       2
       0
       1
       1
       2
       1
       3
       0
       2
       0
       1
       0
       0
       3
       0
       1
       3
       2
       0
       2
       3
       3
       2
       1
       2
       2
       1
       0
       0
       2
       0
       2
       1
       0
       2
       1
       0
       1
       0
       0
       2
       1
       1
       1
       1
       1
       3
       1
       3
       3
       2
       0
       2
       2
       1
       2
       0
       1
       2
       2
       0
       1
       1
       1
       1
       0
       0
       0
       0
       1
       2
       2
       5
       1
       1
       3
       2
       0
       0
       0
       0
       2
       0
       0
       1
       1
       1
       0
       3
       1
       3
       0
       0
       1
       0
       0
       3
       0
       3
       0
       2
       0
       0
       1
       0
       2
       1
       2
       3
       2
       4
       3
       3
       3
       1
       2
       2
       3
       0
       2
       1
       3
       1
       1
       1
       1
       3
       1
       0
       0
       1
       3
       2
       1
       3
       0
       2
       1
       0
       2
       1
       2
       2
       0
       1
       2
       1
       2
       2
       2
       1
       1
       1
       1
       1
       3
       3
       0
       0
       2
       2
       2
       1
       1
       1
       2
       1
       1
       1
       2
       0
       2
       1
       1
       0
       2
       4
       0
       1
       0
       1
       2
       3
       0
       0
       0
       0
       0
       3
       1
       0
       0
       0
       2
       1
       0
       1
       3
       0
       1
       0
       0
       2
       1
       0
       2
       0
       2
       2
       0
       1
       1
       1
       1
       0
       1
       2
       0
       1
       0
       0
       0
       3
       0
       0
       1
       1
       0
       0
       2
       2
       1
       0
       1
       0
       0
       0
       2
       1
       0
       1
       0
       2
       0
       0
       0
       2
       1
       0
       0
       0
       0
       0
       2
       2
       1
       0
       2
       2
       0
       1
       0
       1
       0
       1
       1
       0
       0
       0
       0
       0
       1
       0
       0
       0
       2
       1
       0
       1
       0
       1
       1
       0
       0
       1
       0
       1
       0
       2
       0
       0
       2
       2
       0
       1
       0
       1
       0
       0
       0
       0
       1
       3
       1
       2
       0
       0
       1
       1
       1
       0
       0
       0
       2
       1
       0
       1
       2
       0
       1
       1
       0
       0
       0
       1
       1
       0
       4
       1
       2
       2
       3
       0
       0
       1
       6
       1
       0
       1
       2
       1
       1
       2
       1
       3
       3
       3
       4
       2
       6
       4
       1
       4
       5
       0
       3
       2
       2
       6
       2
       4
       3
       2
       2
       2
       4
       3
       4
       2
       5
       3
       2
       4
       4
       1
       2
       3
       4
       3
       2
       7
       3
       4
       2
       7
       2
       3
       2
       2
       5
       6
       2
       2
       4
       1
       2
       2
       2
       0
       5
       4
       4
       4
       2
       3
       3
       2
       2
       3
       2
       1
       2
       3
       2
       3
       1
       0
       0
       5
       0
       0
       1
       2
       0
       0
       1
       1
       3
       1
       3
       0
       0
       1
       0
       0
       0
       1
       1
       2
       0
       0
       0
       1
       3
       0
       3
       1
       1
       2
       1
       1
       1
       1
       0
       1
       0
       1
       1
       0
       0
       0
       2
       0
       1
       0
       1
       0
       0
       1
       2
       0
       0
       0
       1
       3
       1
       0
       0
       0
       0
       0
       0
       2
       1
       0
       0
       0
       0
       1
       0
       1
       0
       1
       1
       0
       0
       1
       0
       1
       1
       2
       2
       2
       0
       1
       0
       0
       2
       0
       1
       0
       2
       0
       0
       1
       3
       0
       3
       2
       0
       1
       1
       1
       0
       0
       1
       1
       0
       2
       0
       0
       1
       0
       0
       0
       1
       1
       1
       0
       1
       1
       0
       0
       0
       0
       1
       0
       1
       1
       0
       2
       0
       1
       0
       1
       0
       1
       1
       1
       0
       2
       2
       1
       2
       1
       0
       2
       0
       0
       0
       0
       0
       2
       1
       0
       2
       1
       0
       0
       0
       1
       0
       0
       0
       1
       1
       0
       1
       3
       0
       0
       2
       0
       1
       1
       0
       0
       0
       2
       0
       0
       0
       1
       0
       0
       0
       1
       1
       1
       0
       1
       1
       0
       2
       1
       0
       0
       0
       2
       0
       1
       1
       1
       1
       2
       0
       2
       1
       2
       1
       0
       0
       1
       0
       0
       0
       1
       0
       1
       2
       0
       1
       1
       2
       3
       0
       0
       1
       0
       0
       1
       0
       1
       2
       0
       0
       1
       1
       0
       0
       0
       0
       0
       0
       0
       0
       0
       0
       0
       0
       0
       0
       2
       0
       0
       0
       0
       0
       0
       0
       0
       0
       0
       2
       0
       0
       0
       0
       0
       0
       1
       0
       0
       0
       0
       0
       0
       0
       0
       0
       0
       1
       0
       0
       0
       0
       0
       0
       1
       0
       1
       0
       0
       1
       1
       0
       0
       0
       0
       1
       0
       0
       0
       0
       0
       0
       0
       0
       1
       0
       0
       0
       0
       0
       1
       0
       0
       0
       0
       0
       0
       0
       0
       1
       0
       0
       1
       0
       0
       0
       0
       0
       0
       0
       1
       0
       0
       0
       0
       0
       0
       0
       0
       1
       1
       0
       0
       0
       1
       1
       0
       1
       0
       1
       0
       1
       0
       0
       0
       0
       0
       1
       0
       0
       0
       1
       1
       2
       1
       1
       2
       1
       0
       0
       1
       0
       2
       4
       2
       1
       2
       1
       4
       0
       1
       2
       2
       0
       0
       1
       0
       2
       2
       2
       0
       5
       2
       3
       1
       0
       0
       0
       1
       2
       0
       0
       4
       1
       0
       3
       3
       5
       1
       2
       2
       1
       7
       0
       3
       4
       0
       0
       1
       4
       1
       4
       4
       3
       1
       2
       1
       4
       5
       2
       0
       3
       3
       2
       1
       1
       4
       2
       1
       1
       1
       0
       4
       3
       0
       0
       1
       1
       1
       0
       1
       1
       3
       1
       0
       5
       0
       1
       1
       1
       1
       0
       0
       0
       0
       1
       1
       0
       0
       1
       0
       0
       0
       0
       1
       0
       0
       0
       0
       0
       0
       0
       0
       0
       0
       0
       0
       0
       0
       0
       0
       0
       0
       0
       0
       0
       0
       0
       0
       0
       0
       0
       0
       0
       0
       0
       0
       0
       0
       0
       0
       0
       0
       0
       0
       0
       0
       0
       0
       0
       0
       0
       0
       0
       0
       0
       0
       0
       0
       0
       0
       0
       0
       0
       0
       0
       0
       0
       0
       0
       0
       0
       0
       0
       0
       0
       0
       0
       0
       0
       0
       0
       0
       0
       0
       0
       0
       0
       0
       0
       0
       0
       0
       0
       0
       0
       0
       0
       0
       0
       0
       0
       0
       0
       0
       0
       0
       0
       0
       0
       0
       0
       0
       0
       0
       0
       0
       0
       0
       0
       0
       0
       0
       0
       0
       0
       0
       0
       0
       0
       0
       0
       0
       0
       0
       0
       0
       0
       0
       0
       0
       1
       0
       0
       0
       0
       0
       0
       0
       0
       0
       0
       0
       0
       0
       0
       0
       0
       0
       0
       0
       0
       0
       0
       0
       0
       0
       0
       0
       0
       0
       0
       0
       0
       0
       0
       0
       0
       0
       0
       0
       0
       0
       0
       0
       0
       0
       0
       0
       0
       0
       0
       0
       0
       0
       0
       0
       0
       0
       0
       0
       0
       0
       0
       0
       0
       0
       0
       0
       0
       0
       0
       0
       0
       0
       0
       0
       0
       0
       0
       0
       0
       0
       0
       0
       0
       0
       0
       0
       0
       0
       0
       0
       0
       0
       0
       0
       0
       0
       0
       0
       0
       0
       0
       0
       0
       0
       0
       0
       0
       0
       0
       0
       0
       0
       0
       0
       0
       0
       0
       0
       0
       0
       0
       0
       0
       0
       0
       0
       0
       0
       0
       0
       0
       0
       0
       0
       0
       0
       0
       0
       0
       0
       0
       0
       0
       0
       0
       0
       0
       0
       0
       0
       0
       0
       0
       0
       0
       0
       0
       0
       0
       0
       0
       0
       0
       0
       0
       0
       0
       0
       0
       0
       0
       0
       0
       0
       0
       0
       0
       0
       0
       0
       0
       0
       0
       0
       0
       0
       0
       0
       0
       0
       0
       0
       0
       0
       0
       0
       0
       0
       0
       0
       0
       0
       0
       0
       0
       0
       0
       0
       0
       0
       0
       0
       0
       0
       0
       0
       0
       0
       0
       0
       0
       0
       0
       0
       0
       0
       0
       0
       0
       0
       0
       0
       0
       0
       0
       0
       0
       0
       0
       0
       0
       0
       0
       0
       0
       0
       0
       0
       0
       0
       0
       0
       0
       0
       0
       0
       0
       0
       0
       0
       0
       0
       0
       0
       0
       0
       0
       0
       0
       0
       0
       0
       0
       0
       0
       0
       0
       0
       0
       0
       0
       0
       0
       0
       0
       0
       0
       0
       0
       0
       0
       0
       0
       0
       0
       0
       0
       0
       0
       0
       0
       0
       0
       0
$ROI:
0
$PRESETS:
None
0
0
$ENER_FIT:
0.000000 1.000000
$MCA_CAL:
3
0.000000E+000 1.000000E+000 0.000000E+000 keV
$SHAPE_CAL:
3
1.000000E+000 0.000000E+000 0.000000E+000
