$SPEC_ID:
This is spectrum 002
$SPEC_REM:
DET# 1
DETDESC# CK155-04 Easy-MCA-2k SN 12292282
AP# Maestro Version 7.01
$DATE_MEA:
02/17/2022 12:03:21
$MEAS_TIM:
897 900
$DATA:
0 2047
       0
       0
       0
       0
       0
       0
       0
       0
       1
       0
       0
       1
       1
      13
     419
     478
     495
     526
     556
     547
     543
     561
     601
     582
     591
     589
     615
     621
     647
     671
     698
     675
     722
     749
     772
     857
     903
     996
    1038
    1103
    1138
    1294
    1344
    1277
    1439
    1502
    1575
    1666
    1696
    1809
    1869
    1926
    2020
    2029
    2006
    2035
    2134
    2255
    2235
    2275
    2352
    2388
    2359
    2490
    2359
    2323
    2494
    2420
    2429
    2488
    2534
    2406
    2503
    2506
    2441
    2438
    2410
    2423
    2447
    2354
    2363
    2338
    2359
    2378
    2365
    2397
    2383
    2355
    2295
    2254
    2257
    2212
    2184
    2207
    2135
    2134
    2133
    2198
    2065
    2003
    2002
    1904
    1933
    1904
    1842
    1915
    1898
    1844
    1893
    1836
    1797
    1820
    1755
    1722
    1748
    1722
    1674
    1754
    1637
    1614
    1581
    1548
    1525
    1534
    1532
    1601
    1603
    1498
    1520
    1388
    1384
    1514
    1502
    1500
    1393
    1447
    1379
    1445
    1392
    1444
    1396
    1346
    1385
    1454
    1410
    1382
    1352
    1386
    1325
    1351
    1270
    1300
    1288
    1250
    1164
    1115
    1168
    1101
    1067
    1074
    1079
    1077
     984
    1054
     965
    1029
     996
    1022
     915
     961
     943
     921
     941
     918
     947
     858
     878
     899
     904
     892
     856
     864
     810
     853
     819
     782
     754
     805
     781
     748
     735
     773
     752
     698
     736
     723
     714
     698
     685
     694
     677
     678
     680
     694
     687
     702
     654
     698
     618
     648
     669
     666
     650
     664
     598
     639
     636
     585
     561
     581
     572
     557
     583
     535
     522
     540
     537
     531
     573
     503
     467
     485
     466
     478
     494
     442
     472
     486
     515
     471
     439
     449
     484
     445
     435
     437
     465
     478
     440
     430
     413
     421
     421
     439
     426
     427
     409
     362
     387
     401
     417
     395
     403
     366
     382
     388
     357
     383
     391
     368
     367
     395
     394
     354
     334
     401
     388
     374
     329
     349
     360
     358
     367
     343
     363
     353
     353
     353
     329
     365
     347
     370
     350
     374
     356
     363
     340
     394
     346
     339
     373
     354
     338
     387
     366
     359
     395
     367
     366
     371
     372
     399
     362
     353
     366
     312
     368
     314
     347
     350
     338
     303
     313
     304
     326
     298
     319
     310
     315
     250
     318
     289
     281
     275
     277
     261
     278
     268
     298
     261
     274
     284
     272
     245
     274
     307
     288
     291
     294
     293
     278
     289
     301
     283
     281
     288
     294
     309
     265
     301
     274
     263
     279
     303
     284
     253
     312
     254
     280
     271
     243
     275
     263
     276
     269
     262
     253
     242
     229
     220
     249
     253
     232
     214
     231
     244
     226
     228
     236
     234
     233
     226
     232
     211
     244
     212
     192
     201
     208
     235
     202
     201
     207
     209
     208
     208
     212
     208
     217
     202
     200
     223
     216
     214
     194
     203
     201
     183
     205
     215
     197
     209
     218
     202
     210
     205
     206
     194
     175
     191
     208
     184
     199
     220
     205
     177
     182
     198
     193
     200
     184
     176
     196
     176
     180
     188
     185
     189
     201
     195
     195
     171
     161
     195
     177
     171
     187
     178
     223
     186
     200
     198
     193
     171
     164
     196
     177
     195
     169
     199
     192
     184
     161
     174
     188
     208
     184
     192
     183
     185
     172
     169
     189
     191
     154
     163
     179
     179
     175
     181
     184
     193
     196
     190
     208
     164
     215
     190
     190
     182
     192
     167
     177
     189
     190
     191
     192
     213
     166
     181
     183
     179
     201
     175
     196
     184
     175
     199
     182
     201
     155
     180
     192
     185
     177
     175
     186
     170
     185
     185
     192
     174
     190
     178
     188
     154
     171
     200
     185
     190
     198
     153
     175
     203
     166
     191
     167
     171
     158
     162
     171
     182
     174
     168
     159
     180
     160
     168
     187
     161
     179
     163
     168
     171
     173
     171
     179
     165
     150
     163
     178
     198
     180
     172
     174
     169
     174
     162
     162
     174
     178
     153
     169
     180
     177
     158
     179
     164
     200
     138
     177
     158
     160
     158
     177
     161
     145
     162
     160
     166
     161
     168
     156
     159
     159
     173
     167
     154
     136
     164
     157
     168
     170
     163
     137
     149
     155
     146
     160
     148
     151
     165
     180
     178
     162
     175
     141
     133
     171
     159
     171
     169
     153
     192
     172
     178
     162
     149
     174
     133
     182
     173
     164
     166
     153
     135
     147
     146
     180
     151
     174
     175
     171
     176
     161
     177
     160
     146
     171
     178
     154
     139
     143
     150
     148
     166
     126
     151
     144
     133
     122
     146
     141
     152
     135
     138
     127
     134
     117
     135
     125
     139
     118
     136
     109
     120
     104
     108
     138
     122
     106
     109
     116
     122
     117
     107
     108
      75
     100
      99
      86
      97
      98
      86
     118
      95
      99
     103
      85
      95
      97
      90
      87
     100
      99
      87
      71
      94
      94
      85
      97
      76
      83
      77
      91
      76
      67
      80
      89
      79
      79
      87
      84
      63
      70
      77
      73
      60
      66
      71
      77
      92
      76
      72
      66
      81
      69
      73
      91
      87
      81
      48
      63
      60
      65
      65
      75
      69
      82
      79
      63
      64
      72
      73
      80
      90
      68
      85
      87
      79
      91
      86
      96
      97
     131
     120
      99
     132
     150
     133
     163
     183
     177
     190
     199
     233
     245
     242
     240
     273
     277
     308
     291
     328
     332
     340
     418
     414
     413
     389
     450
     462
     474
     486
     463
     481
     467
     489
     502
     521
     487
     482
     518
     458
     512
     478
     499
     475
     442
     430
     401
     393
     368
     367
     359
     374
     324
     301
     274
     289
     267
     255
     242
     242
     235
     204
     193
     235
     167
     188
     186
     182
     145
     182
     156
     154
     158
     150
     150
     153
     146
     159
     164
     139
     150
     176
     158
     160
     156
     155
     149
     155
     175
     170
     154
     150
     151
     159
     145
     130
     127
     123
     127
     134
     123
     116
     117
     112
     104
     110
     103
     100
      98
      72
      72
      75
      82
      88
      70
      68
      68
      68
      73
      59
      56
      68
      62
      64
      50
      60
      36
      51
      49
      46
      42
      41
      37
      41
      48
      41
      29
      42
      39
      40
      38
      39
      40
      37
      48
      43
      51
      32
      29
      43
      38
      43
      46
      35
      44
      36
      47
      35
      49
      30
      34
      43
      53
      36
      39
      50
      45
      43
      30
      35
      31
      46
      40
      41
      34
      42
      29
      41
      51
      47
      44
      45
      41
      44
      37
      32
      43
      28
      43
      46
      33
      34
      25
      32
      32
      38
      34
      42
      45
      38
      33
      44
      36
      50
      46
      35
      39
      43
      34
      46
      40
      33
      42
      45
      34
      53
      45
      60
      52
      54
      55
      47
      58
      53
      56
      65
      61
      63
      61
      47
      48
      58
      71
      56
      63
      67
      58
      59
      62
      51
      54
      69
      53
      68
      66
      57
      69
      70
      67
      64
      68
      62
      52
      56
      51
      65
      64
      67
      65
      60
      46
      53
      52
      47
      52
      52
      49
      45
      57
      33
      53
      53
      48
      46
      55
      51
      49
      43
      48
      33
      44
      43
      52
      50
      43
      50
      47
      49
      47
      52
      44
      42
      41
      37
      36
      32
      45
      46
      42
      56
      38
      47
      25
      52
      32
      43
      43
      47
      33
      44
      42
      42
      43
      45
      49
      38
      37
      41
      40
      40
      50
      42
      42
      40
      38
      36
      30
      41
      33
      31
      38
      46
      34
      34
      34
      45
      39
      45
      43
      36
      50
      38
      31
      35
      39
      44
      46
      40
      47
      44
      44
      54
      41
      43
      37
      43
      52
      46
      36
      35
      40
      45
      41
      43
      38
      35
      42
      44
      34
      37
      38
      46
      44
      35
      30
      57
      49
      38
      41
      40
      43
      40
      44
      36
      37
      41
      40
      56
      39
      34
      52
      35
      33
      27
      37
      47
      41
      43
      49
      40
      42
      42
      36
      35
      36
      27
      38
      39
      34
      44
      48
      40
      41
      39
      28
      49
      41
      40
      41
      39
      41
      34
      39
      35
      36
      34
      41
      51
      44
      37
      36
      30
      43
      41
      49
      51
      32
      35
      39
      33
      41
      58
      37
      49
      48
      39
      53
      44
      42
      39
      45
      44
      38
      45
      49
      51
      43
      41
      37
      43
      37
      43
      50
      39
      51
      47
      50
      43
      44
      52
      48
      34
      49
      40
      53
      51
      36
      42
      41
      51
      43
      42
      40
      39
      44
      39
      44
      46
      60
      45
      42
      41
      47
      51
      43
      47
      47
      48
      42
      61
      42
      49
      48
      55
      46
      59
      49
      39
      46
      53
      46
      34
      44
      44
      45
      53
      59
      61
      47
      59
      47
      60
      52
      60
      71
      50
      74
      65
      67
      64
      71
      65
      72
      73
      76
      70
      75
      68
      74
     109
      94
      80
      80
      98
      95
     106
      72
      84
      88
     100
      78
      87
      85
      98
      79
      90
      92
      92
      97
     105
      92
      86
      80
      88
      92
      91
      89
      85
      90
      96
      80
      78
      77
      71
      80
      72
      69
      75
      62
      87
      76
      77
      71
      65
      68
      63
      68
      55
      50
      62
      61
      65
      47
      42
      67
      70
      55
      43
      52
      46
      46
      51
      58
      48
      55
      47
      59
      59
      69
      55
      59
      63
      60
      52
      47
      55
      47
      54
      51
      41
      60
      39
      61
      45
      43
      61
      50
      51
      56
      43
      46
      60
      49
      48
      72
      48
      54
      62
      55
      56
      54
      59
      48
      60
      54
      43
      46
      45
      49
      56
      51
      58
      41
      59
      50
      62
      52
      61
      47
      60
      51
      51
      54
      46
      58
      47
      43
      56
      47
      48
      52
      54
      47
      43
      49
      46
      43
      45
      44
      52
      48
      48
      50
      41
      40
      38
      52
      39
      51
      53
      48
      44
      45
      42
      32
      36
      48
      39
      36
      43
      35
      40
      46
      35
      44
      39
      36
      28
      35
      36
      28
      39
      31
      36
      33
      34
      31
      44
      35
      21
      26
      23
      38
      29
      34
      27
      22
      29
      23
      21
      18
      21
      27
      27
      23
      24
      29
      29
      29
      35
      23
      25
      41
      26
      25
      36
      34
      24
      36
      33
      28
      29
      38
      24
      33
      23
      28
      23
      21
      29
      36
      34
      16
      25
      26
      30
      20
      30
      20
      25
      25
      22
      19
      24
      31
      32
      20
      23
      31
      24
      33
      29
      22
      16
      34
      19
      17
      32
      27
      15
      16
      32
      35
      25
      30
      30
      30
      37
      35
      34
      36
      30
      43
      50
      36
      53
      57
      56
      64
      53
      58
      69
      76
      66
      79
      81
      89
     104
     106
      78
      94
     112
     108
     117
     113
     124
     106
     119
     129
     109
     137
     131
     128
     138
     159
     139
     165
     157
     148
     166
     136
     170
     165
     168
     134
     161
     172
     137
     166
     151
     183
     158
     173
     130
     150
     159
     161
     142
     146
     138
     149
     136
     134
     132
     126
     120
     111
     117
     118
     105
     103
      99
      93
      92
     109
      80
      96
      71
      75
      77
      70
      71
      68
      71
      63
      52
      52
      62
      47
      40
      28
      31
      24
      29
      27
      27
      37
      17
      23
      28
      25
      13
      29
      20
      17
      20
       6
       7
       9
      16
      10
      18
       9
       7
       9
      11
       8
       7
       5
       6
      10
       6
       7
       8
       6
      10
       7
       2
       9
       4
       4
       2
       4
       5
       4
       5
       5
       5
       7
       7
       2
       5
       7
       7
       5
       5
       3
       8
       5
       5
       4
       4
       3
       1
       0
       5
       9
       5
       4
       9
       7
       8
       9
       3
       5
       5
       3
       5
       4
       6
       6
       6
       8
       2
       6
       5
       7
       8
       6
       1
       3
       4
       6
       2
       3
       1
       3
       6
       7
       3
       8
       2
       3
       6
       5
       5
       5
       5
       3
       2
       4
       1
       3
       6
       5
       8
       4
       5
       5
       5
       2
       3
       6
       6
       2
       4
       2
       2
       6
       8
       5
       3
       6
       7
       4
       4
       4
       4
       3
       2
       4
       6
       3
       5
      10
       3
       8
       3
       5
       3
       1
       7
       3
       7
       5
       8
       7
       5
       5
       5
       1
       4
       6
       3
       3
       3
       8
       4
       3
      10
       6
       4
       1
       2
       3
       5
       2
       8
       5
       5
       9
       1
       5
       1
       5
       3
       8
       5
       2
       3
       4
       2
       6
       5
       5
       8
       2
       3
       4
       4
       5
       4
       5
       3
       3
       3
       3
       5
       3
       6
       4
       2
       3
       4
       1
       1
       1
       3
       0
       3
       2
       2
       0
       2
       6
       2
       6
       0
       5
       0
       3
       6
       3
       2
       3
       1
       5
       2
       3
       2
       4
       1
       4
       4
       4
       2
       3
       2
       1
       6
       4
       5
       3
       2
       3
       5
       3
       3
       4
       4
       0
       4
       4
       6
       2
       3
       1
       4
       6
       4
       4
       0
       0
       0
       0
       0
       0
       0
       0
       0
       0
       0
       0
       0
       0
       0
       0
       0
       0
       0
       0
       0
       0
       0
       0
       0
       0
       0
       0
       0
       0
       0
       0
       0
       0
       0
       0
       0
       0
       0
       0
       0
       0
       0
       0
       0
       0
       0
       0
       0
       0
       0
       0
       0
       0
       0
       0
       0
       0
       0
       0
       0
       0
       0
       0
       0
       0
       0
       0
       0
       0
       0
       0
       0
       0
       0
       0
       0
       0
       0
       0
       0
       0
       0
       0
       0
       0
       0
       0
       0
       0
       0
       0
       0
       0
       0
       0
       0
       0
       0
       0
       0
       0
       0
       0
       0
       0
       0
       0
       0
       0
       0
       0
       0
$ROI:
5
471 536
564 647
763 844
1001 1090
1573 1669
$PRESETS:
Real Time
900
0
$ENER_FIT:
-20.212013 1.714672
$MCA_CAL:
3
-2.021201E+001 1.714672E+000 4.288640E-006 keV
$SHAPE_CAL:
3
1.158210E+001 3.853783E-002 -7.560620E-006
