$SPEC_ID:
This is spectrum 005
$SPEC_REM:
DET# 1
DETDESC# CK155-04 Easy-MCA-2k SN 12292282
AP# Maestro Version 7.01
$DATE_MEA:
02/17/2022 12:48:24
$MEAS_TIM:
897 900
$DATA:
0 2047
       0
       0
       0
       0
       0
       1
       0
       0
       0
       0
       1
       1
       5
      11
     407
     465
     519
     495
     509
     552
     533
     627
     605
     596
     580
     605
     611
     615
     616
     642
     713
     731
     746
     776
     828
     836
     935
     891
    1057
    1121
    1145
    1260
    1336
    1393
    1385
    1538
    1591
    1645
    1785
    1760
    1889
    1926
    2051
    1961
    2068
    2154
    2146
    2183
    2198
    2352
    2363
    2318
    2332
    2399
    2327
    2316
    2450
    2414
    2463
    2423
    2428
    2368
    2380
    2470
    2451
    2415
    2484
    2421
    2398
    2405
    2411
    2347
    2367
    2364
    2374
    2338
    2391
    2347
    2321
    2275
    2241
    2204
    2214
    2128
    2115
    2103
    2115
    2052
    2008
    2060
    1958
    1989
    1896
    1916
    1905
    1919
    1940
    1864
    1833
    1843
    1836
    1726
    1722
    1730
    1747
    1695
    1654
    1640
    1682
    1726
    1629
    1516
    1552
    1498
    1528
    1492
    1474
    1500
    1530
    1477
    1523
    1391
    1449
    1507
    1373
    1428
    1447
    1386
    1428
    1387
    1353
    1358
    1416
    1410
    1412
    1384
    1329
    1371
    1292
    1261
    1304
    1269
    1277
    1213
    1176
    1177
    1110
    1166
    1064
    1103
    1061
    1087
     999
    1024
     961
    1012
     947
     982
     921
     971
     949
     945
     953
     847
     912
     875
     899
     858
     882
     888
     850
     817
     823
     819
     797
     762
     786
     745
     728
     753
     693
     732
     718
     746
     762
     702
     700
     672
     737
     671
     678
     686
     702
     656
     654
     630
     634
     681
     657
     671
     674
     668
     652
     569
     633
     594
     638
     615
     575
     553
     571
     550
     556
     573
     542
     493
     536
     548
     531
     481
     508
     460
     456
     443
     448
     484
     428
     492
     475
     457
     466
     408
     458
     404
     385
     449
     405
     451
     396
     393
     392
     382
     413
     398
     404
     392
     387
     408
     411
     411
     392
     409
     372
     397
     376
     387
     396
     383
     382
     377
     375
     355
     350
     370
     381
     391
     350
     361
     372
     349
     326
     342
     363
     328
     353
     375
     371
     331
     316
     350
     372
     338
     357
     313
     338
     319
     354
     376
     340
     354
     361
     376
     367
     366
     370
     337
     353
     390
     313
     371
     368
     336
     353
     341
     318
     362
     290
     334
     341
     315
     321
     312
     311
     298
     324
     307
     267
     287
     280
     277
     269
     268
     266
     271
     276
     271
     272
     282
     284
     265
     279
     259
     304
     273
     269
     280
     299
     296
     261
     313
     253
     284
     281
     267
     281
     310
     282
     288
     279
     296
     305
     289
     305
     308
     292
     258
     285
     264
     276
     277
     265
     271
     230
     227
     274
     234
     228
     240
     218
     227
     225
     223
     235
     212
     219
     213
     200
     241
     219
     211
     211
     221
     208
     224
     203
     209
     203
     219
     216
     185
     217
     184
     205
     216
     204
     213
     182
     173
     191
     206
     194
     194
     213
     206
     206
     187
     215
     195
     201
     165
     203
     200
     172
     203
     200
     201
     197
     188
     179
     183
     205
     210
     193
     222
     200
     217
     173
     201
     192
     209
     192
     169
     213
     162
     184
     159
     197
     185
     166
     177
     179
     187
     172
     193
     173
     183
     175
     205
     205
     182
     180
     204
     180
     183
     184
     166
     164
     190
     184
     192
     165
     181
     169
     194
     169
     191
     178
     187
     170
     193
     152
     164
     176
     168
     183
     150
     165
     153
     198
     160
     167
     189
     168
     174
     181
     187
     179
     177
     174
     182
     190
     161
     180
     198
     200
     166
     190
     158
     187
     174
     181
     172
     168
     172
     172
     201
     170
     163
     185
     169
     181
     181
     155
     176
     200
     147
     172
     190
     161
     173
     190
     202
     179
     169
     148
     171
     187
     155
     175
     170
     180
     172
     190
     181
     194
     181
     196
     182
     176
     179
     199
     193
     169
     211
     170
     176
     161
     132
     167
     169
     167
     159
     185
     173
     159
     179
     183
     163
     183
     189
     160
     156
     156
     190
     173
     199
     167
     165
     195
     150
     158
     154
     172
     171
     153
     165
     186
     150
     171
     158
     163
     164
     163
     164
     162
     162
     158
     189
     138
     153
     171
     129
     138
     170
     172
     152
     130
     166
     164
     158
     161
     161
     158
     154
     153
     179
     155
     138
     165
     146
     134
     152
     154
     144
     148
     151
     134
     151
     173
     142
     162
     144
     162
     172
     146
     159
     112
     171
     160
     185
     156
     147
     168
     140
     140
     164
     158
     153
     167
     157
     153
     143
     167
     143
     135
     160
     149
     168
     154
     159
     153
     151
     151
     164
     151
     129
     150
     140
     146
     114
     147
     134
     130
     142
     128
     155
     133
     135
     114
     137
     120
     120
     118
     148
     121
     109
     140
      97
     104
     118
      98
      96
     106
     102
     105
     104
      98
      98
     112
     119
      94
      94
      88
      77
      93
      94
     100
      87
      94
      88
      86
      92
      82
      81
      80
      98
      72
      86
      96
      86
      80
      86
      68
      83
      78
      77
      92
      94
      77
      87
      79
      75
      72
      87
      81
      65
      79
      68
      63
      86
      67
      78
      70
      74
      63
      82
      57
      75
      73
      57
      77
      67
      71
      72
      72
      65
      75
      73
      76
      67
      62
      63
      67
      63
      83
      72
      83
      79
      73
      87
      83
     100
     103
     106
      86
     106
     109
     130
     138
     144
     159
     160
     161
     161
     168
     224
     238
     237
     244
     275
     274
     289
     270
     310
     346
     353
     389
     392
     372
     422
     395
     453
     405
     418
     451
     462
     505
     451
     454
     460
     484
     460
     479
     514
     472
     451
     417
     437
     429
     421
     397
     353
     363
     371
     326
     341
     346
     336
     271
     294
     260
     244
     224
     233
     220
     211
     223
     198
     169
     187
     169
     192
     159
     168
     155
     149
     134
     152
     145
     158
     141
     162
     152
     142
     157
     159
     174
     145
     159
     171
     169
     159
     159
     145
     142
     135
     124
     144
     158
     117
     132
     123
     121
     144
     127
     119
     112
     118
      99
     117
      83
     114
      88
      78
      92
      81
      84
      63
      62
      60
      46
      67
      70
      54
      54
      49
      52
      50
      54
      43
      49
      46
      45
      40
      42
      37
      50
      48
      38
      35
      42
      41
      52
      37
      34
      48
      38
      35
      39
      39
      29
      34
      37
      38
      35
      30
      42
      40
      41
      32
      39
      38
      30
      40
      44
      36
      37
      35
      31
      38
      37
      31
      36
      52
      36
      43
      35
      24
      36
      39
      38
      33
      42
      47
      48
      33
      47
      30
      35
      40
      40
      44
      37
      36
      35
      51
      47
      44
      57
      44
      36
      35
      32
      29
      36
      35
      38
      35
      54
      43
      37
      34
      35
      40
      41
      55
      51
      37
      36
      54
      40
      65
      48
      59
      61
      47
      58
      56
      54
      66
      44
      50
      65
      68
      44
      42
      63
      67
      65
      72
      57
      64
      50
      68
      62
      62
      60
      61
      73
      57
      59
      77
      63
      62
      66
      66
      59
      65
      62
      56
      63
      59
      53
      58
      54
      52
      66
      42
      48
      50
      48
      48
      52
      45
      49
      50
      52
      47
      34
      48
      35
      58
      43
      47
      44
      55
      45
      35
      47
      61
      40
      49
      42
      45
      44
      40
      40
      35
      46
      45
      47
      41
      44
      48
      41
      39
      44
      50
      42
      46
      36
      43
      35
      45
      36
      37
      49
      37
      49
      41
      47
      31
      46
      36
      30
      56
      46
      47
      33
      38
      49
      48
      32
      43
      46
      45
      35
      42
      44
      42
      44
      53
      40
      50
      41
      46
      38
      45
      47
      32
      46
      39
      45
      34
      42
      41
      35
      36
      43
      47
      33
      42
      38
      41
      27
      46
      39
      55
      43
      49
      27
      41
      35
      30
      42
      43
      50
      54
      59
      35
      37
      32
      28
      36
      28
      34
      49
      34
      35
      45
      40
      39
      38
      41
      50
      38
      49
      40
      36
      41
      40
      51
      41
      55
      40
      41
      36
      28
      45
      41
      40
      33
      46
      41
      39
      33
      34
      35
      41
      30
      31
      47
      38
      29
      43
      45
      39
      47
      39
      44
      44
      39
      51
      34
      42
      37
      38
      44
      34
      40
      42
      34
      35
      37
      64
      48
      33
      51
      41
      51
      40
      38
      34
      38
      35
      43
      44
      37
      48
      32
      36
      39
      32
      46
      51
      42
      44
      35
      43
      37
      45
      49
      40
      43
      39
      36
      45
      45
      39
      43
      31
      51
      39
      39
      43
      42
      37
      29
      40
      43
      44
      40
      38
      31
      51
      41
      38
      37
      43
      48
      38
      31
      46
      37
      39
      35
      37
      43
      62
      53
      42
      40
      41
      43
      55
      45
      47
      47
      54
      37
      49
      55
      51
      53
      57
      49
      59
      61
      56
      65
      66
      53
      61
      48
      73
      58
      59
      68
      77
      71
      63
      70
      67
      93
      72
      75
      89
      93
      76
      65
      95
      81
      71
      94
      90
      85
      94
      81
     101
      92
      84
     106
      85
      83
      86
      74
     104
      83
      83
      90
      95
      89
      83
      80
      62
      77
      76
      71
      74
      83
      69
      75
      54
      74
      77
      69
      62
      61
      63
      68
      69
      70
      67
      55
      56
      52
      43
      60
      56
      53
      52
      59
      46
      65
      48
      56
      43
      48
      49
      56
      59
      63
      54
      47
      45
      43
      53
      57
      46
      62
      38
      40
      54
      56
      48
      44
      45
      48
      50
      49
      49
      55
      50
      55
      37
      57
      63
      46
      58
      57
      46
      43
      28
      53
      45
      46
      46
      45
      51
      52
      61
      70
      52
      49
      50
      41
      49
      42
      41
      38
      51
      50
      55
      51
      54
      47
      50
      45
      50
      44
      43
      55
      40
      51
      45
      56
      47
      39
      35
      38
      43
      57
      43
      43
      59
      47
      41
      50
      37
      41
      41
      44
      42
      43
      36
      42
      29
      30
      44
      27
      50
      44
      40
      44
      22
      25
      32
      24
      38
      34
      45
      25
      33
      38
      32
      32
      33
      34
      29
      33
      20
      26
      27
      26
      36
      38
      34
      24
      29
      32
      17
      26
      27
      33
      25
      24
      26
      27
      33
      24
      31
      32
      26
      24
      19
      29
      32
      19
      32
      18
      34
      14
      26
      28
      30
      26
      18
      28
      28
      34
      34
      34
      23
      32
      30
      31
      26
      20
      24
      20
      23
      22
      26
      23
      28
      27
      24
      28
      28
      32
      27
      20
      26
      22
      15
      27
      26
      32
      22
      20
      26
      30
      26
      24
      33
      32
      27
      17
      29
      28
      29
      35
      33
      25
      44
      34
      48
      37
      49
      46
      48
      40
      59
      57
      54
      54
      65
      61
      61
      68
      72
      82
     114
      91
      97
      95
     118
     111
     111
     138
     111
     108
     125
     143
     122
     117
     129
     134
     142
     144
     143
     143
     148
     137
     153
     169
     173
     149
     146
     147
     159
     150
     147
     134
     154
     158
     151
     148
     141
     145
     135
     134
     133
     135
     143
     137
     131
     129
     137
     118
     124
     116
     103
      96
      83
      94
      84
     100
      95
      85
      93
      72
      82
      64
      65
      74
      58
      52
      40
      59
      58
      49
      53
      36
      35
      34
      30
      39
      26
      27
      24
      21
      21
      27
      20
      12
      16
      26
      18
      12
      19
      12
       9
      12
      13
       7
       7
      13
       8
       5
       7
       9
      11
       5
       9
      13
      11
       7
       9
       7
       2
       5
       6
       5
       3
       7
       7
       6
       7
       5
       4
       1
       6
       5
       6
       6
       2
       7
       7
       2
       2
       7
       1
       2
       1
       7
       9
       3
       7
       5
       7
       2
       4
       6
       3
       8
       4
       3
       4
       4
       3
       3
      11
       6
       1
       4
       2
       2
       5
       2
       2
       8
       7
       2
       4
       4
       4
       7
       5
       6
       6
       4
       1
       6
       4
       1
       2
       2
       5
       2
       5
       4
       9
       3
       6
       4
       6
       7
       4
       4
       7
       4
       5
       3
       4
       4
       7
       2
       1
       4
       2
       6
       6
       4
       4
       3
       2
       3
       4
       6
      11
       2
       3
       3
       1
       8
       6
       6
       5
       3
       3
       5
       1
       9
       4
       7
       4
       5
       3
       6
       1
       2
       6
       2
       5
       1
       6
       5
       6
       5
       1
       3
       8
       2
       1
       8
       1
       3
       2
       2
       6
       2
       6
       2
       4
       4
       5
       9
       2
       4
       2
       5
       9
       3
       4
       6
       2
       3
       2
       5
       4
       4
       3
       5
       2
       7
       3
       1
       2
       5
       7
       4
       3
       3
       4
       4
       2
       6
       2
       3
       4
       4
       4
       4
       3
       1
       1
       3
       1
       2
       3
       2
       4
       4
       5
       4
       0
       4
       3
       1
       6
       2
       3
       2
       4
       1
       1
       5
       2
       3
       4
       1
       4
       0
       3
       5
       3
       4
       4
       1
       3
       3
       7
       2
       2
       5
       2
       2
       1
       4
       1
       6
       4
       3
       2
       1
       0
       0
       0
       0
       0
       0
       0
       0
       0
       0
       0
       0
       0
       0
       0
       0
       0
       0
       0
       0
       0
       0
       0
       0
       0
       0
       0
       0
       0
       0
       0
       0
       0
       0
       0
       0
       0
       0
       0
       0
       0
       0
       0
       0
       0
       0
       0
       0
       0
       0
       0
       0
       0
       0
       0
       0
       0
       0
       0
       0
       0
       0
       0
       0
       0
       0
       0
       0
       0
       0
       0
       0
       0
       0
       0
       0
       0
       0
       0
       0
       0
       0
       0
       0
       0
       0
       0
       0
       0
       0
       0
       0
       0
       0
       0
       0
       0
       0
       0
       0
       0
       0
       0
       0
       0
       0
       0
       0
       0
       0
       0
       0
$ROI:
5
471 536
564 647
763 844
1001 1090
1573 1669
$PRESETS:
Real Time
900
0
$ENER_FIT:
-20.212013 1.714672
$MCA_CAL:
3
-2.021201E+001 1.714672E+000 4.288640E-006 keV
$SHAPE_CAL:
3
1.158210E+001 3.853783E-002 -7.560620E-006
