$SPEC_ID:
This is spectrum 004
$SPEC_REM:
DET# 1
DETDESC# CK155-04 Easy-MCA-2k SN 12292282
AP# Maestro Version 7.01
$DATE_MEA:
02/17/2022 12:33:23
$MEAS_TIM:
897 900
$DATA:
0 2047
       0
       0
       0
       0
       0
       0
       0
       1
       0
       0
       0
       1
       1
      14
     381
     480
     474
     502
     497
     537
     569
     618
     602
     562
     544
     603
     597
     622
     644
     716
     689
     751
     746
     831
     864
     899
     906
     963
    1037
    1102
    1168
    1183
    1314
    1349
    1380
    1533
    1591
    1680
    1715
    1748
    1899
    1963
    1973
    2050
    2082
    2127
    2139
    2192
    2263
    2270
    2297
    2297
    2376
    2371
    2319
    2546
    2488
    2443
    2375
    2440
    2385
    2393
    2447
    2506
    2387
    2458
    2440
    2408
    2520
    2483
    2412
    2344
    2341
    2356
    2332
    2345
    2270
    2267
    2278
    2330
    2272
    2149
    2282
    2246
    2085
    2137
    2130
    2019
    2023
    2005
    1999
    1977
    1954
    2017
    1931
    1945
    1885
    1910
    1847
    1790
    1777
    1722
    1745
    1708
    1667
    1754
    1684
    1596
    1642
    1686
    1638
    1586
    1557
    1522
    1593
    1483
    1514
    1485
    1499
    1499
    1511
    1456
    1440
    1441
    1409
    1422
    1382
    1444
    1374
    1309
    1319
    1448
    1320
    1424
    1342
    1336
    1449
    1318
    1293
    1348
    1309
    1251
    1254
    1190
    1148
    1144
    1159
    1087
    1110
    1054
    1033
    1009
    1020
     988
     981
     963
     980
     995
     971
     868
     869
     876
     926
     932
     888
     887
     883
     844
     804
     847
     794
     812
     861
     811
     840
     731
     825
     780
     761
     763
     762
     754
     768
     718
     733
     731
     702
     664
     695
     686
     676
     723
     668
     678
     680
     674
     679
     659
     676
     652
     642
     628
     649
     615
     602
     591
     602
     584
     587
     549
     558
     600
     505
     517
     512
     539
     523
     501
     497
     488
     514
     492
     503
     464
     484
     441
     449
     454
     469
     452
     423
     477
     447
     425
     385
     446
     423
     393
     435
     412
     444
     468
     476
     375
     381
     353
     407
     408
     401
     367
     363
     361
     361
     380
     400
     393
     377
     372
     359
     385
     360
     396
     363
     358
     399
     344
     346
     331
     344
     326
     371
     365
     338
     341
     348
     325
     336
     359
     323
     328
     294
     358
     361
     365
     321
     339
     327
     342
     388
     359
     344
     368
     350
     402
     358
     331
     365
     374
     358
     387
     343
     386
     343
     326
     383
     379
     335
     349
     337
     292
     305
     301
     327
     255
     300
     323
     282
     290
     299
     292
     272
     275
     240
     248
     276
     290
     260
     282
     258
     247
     242
     281
     282
     334
     307
     276
     298
     302
     292
     307
     277
     289
     272
     314
     299
     299
     297
     311
     268
     279
     285
     309
     297
     274
     291
     284
     308
     285
     283
     258
     250
     270
     250
     266
     287
     241
     249
     238
     226
     229
     216
     228
     248
     217
     222
     217
     226
     212
     214
     232
     200
     197
     200
     193
     217
     201
     187
     240
     215
     207
     211
     222
     193
     200
     190
     188
     209
     208
     211
     170
     209
     194
     216
     222
     204
     197
     199
     207
     178
     191
     197
     216
     189
     207
     189
     199
     227
     186
     199
     192
     190
     198
     173
     180
     176
     188
     183
     172
     214
     202
     201
     172
     198
     225
     201
     195
     193
     177
     194
     194
     188
     197
     192
     163
     186
     153
     176
     195
     195
     179
     183
     185
     188
     170
     205
     193
     166
     176
     216
     202
     184
     187
     179
     191
     167
     180
     158
     179
     183
     172
     183
     177
     189
     177
     172
     161
     167
     177
     193
     183
     157
     180
     187
     150
     171
     195
     178
     204
     175
     162
     167
     195
     147
     183
     158
     193
     185
     179
     159
     189
     169
     183
     187
     182
     190
     179
     185
     162
     168
     162
     183
     158
     170
     184
     175
     157
     184
     176
     200
     177
     198
     144
     179
     172
     170
     194
     144
     188
     184
     168
     189
     184
     196
     188
     166
     163
     189
     172
     197
     181
     177
     151
     162
     154
     211
     161
     197
     191
     143
     173
     168
     175
     188
     180
     181
     169
     181
     171
     171
     182
     164
     159
     165
     151
     150
     163
     154
     197
     184
     170
     178
     169
     167
     172
     167
     175
     160
     167
     158
     170
     131
     144
     168
     147
     159
     146
     174
     150
     169
     160
     178
     155
     161
     149
     171
     175
     141
     154
     170
     161
     178
     143
     158
     147
     157
     155
     172
     158
     127
     163
     162
     162
     181
     155
     150
     164
     153
     174
     149
     182
     168
     154
     153
     161
     161
     148
     146
     145
     150
     172
     156
     159
     166
     149
     161
     170
     170
     157
     154
     145
     154
     162
     175
     155
     157
     155
     175
     153
     165
     128
     135
     140
     161
     139
     180
     147
     144
     162
     152
     155
     129
     142
     134
     142
     114
     133
     130
     126
     122
     136
     137
     119
     125
     125
     119
     100
     125
      97
     124
     102
     123
      99
     111
      88
      83
      98
     120
     108
      93
      95
     114
     101
      92
      96
      84
     110
      91
      91
      78
      90
      90
      84
      74
      91
      89
      85
      83
      79
      96
      93
      79
      85
      99
      78
      80
      88
      85
      78
      71
      93
      73
      90
      86
      85
      80
      71
      74
      78
      76
      79
      71
      82
      80
      76
      75
      82
      68
      72
      80
      69
      71
      73
      84
      63
      60
      68
      88
      69
      67
      74
      59
      83
      72
      70
      89
      81
      67
      82
      68
      97
      76
      95
      94
     105
      93
     117
     119
     126
     119
     128
     167
     175
     164
     196
     213
     211
     238
     226
     225
     283
     290
     299
     313
     343
     319
     368
     373
     391
     389
     379
     433
     398
     413
     448
     444
     540
     512
     472
     478
     484
     495
     508
     512
     463
     480
     452
     477
     471
     429
     403
     404
     391
     393
     366
     354
     351
     312
     309
     270
     271
     254
     301
     262
     218
     227
     212
     195
     220
     190
     197
     171
     162
     167
     146
     169
     143
     147
     153
     176
     167
     156
     163
     151
     159
     152
     183
     133
     161
     159
     149
     150
     170
     138
     178
     166
     182
     151
     158
     162
     154
     127
     146
     138
     159
     130
     117
     114
     130
     112
      89
     106
      98
      97
     113
      75
     100
      84
      71
      78
      66
      71
      61
      54
      53
      67
      50
      47
      52
      58
      37
      47
      44
      45
      35
      43
      38
      41
      39
      45
      39
      44
      34
      35
      50
      37
      36
      42
      45
      41
      36
      33
      35
      32
      38
      40
      35
      35
      39
      49
      28
      34
      27
      38
      34
      33
      47
      42
      39
      38
      35
      36
      25
      43
      44
      31
      30
      35
      45
      32
      35
      41
      38
      42
      33
      45
      38
      38
      41
      34
      33
      48
      46
      39
      37
      36
      42
      37
      36
      27
      48
      43
      57
      49
      43
      42
      46
      39
      40
      36
      54
      39
      34
      48
      49
      44
      49
      34
      40
      49
      46
      48
      51
      70
      45
      51
      40
      40
      60
      52
      64
      45
      62
      50
      64
      63
      71
      72
      80
      54
      50
      56
      66
      73
      59
      66
      83
      75
      64
      64
      56
      61
      71
      54
      53
      48
      59
      51
      61
      55
      62
      61
      55
      59
      53
      58
      50
      48
      56
      62
      45
      38
      56
      58
      53
      52
      53
      58
      42
      50
      51
      43
      50
      30
      44
      57
      57
      48
      56
      48
      49
      48
      55
      45
      45
      51
      35
      45
      42
      45
      42
      40
      32
      48
      36
      40
      32
      29
      39
      39
      43
      41
      39
      48
      37
      44
      53
      46
      43
      40
      45
      46
      37
      36
      49
      42
      45
      33
      53
      47
      44
      32
      29
      40
      46
      44
      42
      27
      42
      49
      37
      42
      43
      42
      54
      42
      48
      40
      41
      38
      54
      35
      43
      38
      34
      32
      41
      36
      41
      42
      41
      38
      44
      35
      50
      30
      52
      40
      48
      40
      47
      45
      44
      27
      40
      43
      38
      32
      39
      32
      44
      39
      40
      45
      31
      40
      32
      44
      41
      53
      53
      39
      40
      33
      37
      36
      29
      39
      46
      48
      51
      52
      34
      38
      45
      42
      41
      44
      55
      38
      42
      40
      33
      33
      28
      37
      45
      25
      22
      39
      37
      38
      30
      45
      45
      27
      43
      44
      37
      40
      55
      36
      47
      28
      35
      34
      32
      33
      47
      34
      42
      47
      44
      46
      53
      37
      33
      33
      38
      34
      40
      43
      43
      40
      46
      32
      36
      38
      47
      39
      39
      43
      39
      35
      32
      45
      33
      38
      43
      43
      52
      46
      35
      47
      44
      48
      33
      52
      33
      34
      51
      47
      51
      43
      50
      40
      39
      35
      57
      50
      33
      47
      53
      52
      36
      49
      55
      27
      56
      41
      42
      53
      46
      38
      51
      35
      52
      38
      46
      37
      34
      41
      44
      33
      40
      38
      40
      43
      46
      50
      45
      54
      60
      52
      62
      47
      73
      54
      58
      73
      72
      58
      50
      77
      81
      73
      64
      62
      79
      87
      70
      76
      62
     104
      87
      83
      77
      82
      95
      83
      84
      80
      53
      96
      74
      86
      88
      92
     102
      79
      84
      73
      83
      93
      75
      86
      84
      90
      78
      85
      91
      80
     103
      65
      90
      96
      75
      92
      68
      76
      71
      73
      74
      61
      64
      78
      65
      53
      56
      76
      73
      69
      67
      60
      56
      65
      68
      52
      49
      52
      45
      54
      57
      65
      53
      75
      55
      53
      45
      58
      48
      53
      42
      47
      49
      43
      48
      63
      44
      42
      52
      52
      54
      60
      65
      50
      47
      54
      46
      51
      52
      52
      49
      46
      50
      46
      33
      46
      57
      54
      63
      60
      44
      55
      49
      53
      47
      47
      49
      52
      47
      38
      49
      41
      61
      47
      46
      48
      53
      35
      49
      45
      51
      44
      51
      47
      48
      54
      76
      50
      56
      45
      45
      43
      55
      46
      41
      39
      58
      47
      38
      44
      42
      47
      38
      39
      44
      40
      53
      43
      54
      53
      49
      46
      39
      41
      38
      38
      36
      40
      30
      36
      39
      33
      38
      38
      42
      37
      42
      27
      29
      22
      29
      45
      29
      25
      47
      26
      35
      37
      23
      23
      31
      32
      27
      34
      17
      31
      25
      27
      26
      28
      27
      25
      33
      25
      23
      27
      21
      27
      25
      35
      25
      18
      30
      28
      29
      18
      20
      32
      15
      19
      26
      34
      23
      19
      28
      22
      23
      28
      32
      26
      31
      23
      28
      24
      17
      28
      25
      30
      22
      25
      28
      33
      23
      23
      28
      24
      27
      26
      20
      22
      27
      27
      20
      22
      24
      20
      30
      19
      33
      27
      22
      19
      35
      40
      39
      36
      19
      28
      28
      40
      29
      37
      43
      42
      45
      45
      50
      41
      48
      55
      54
      54
      53
      74
      74
      67
      63
      61
      67
      73
      82
      80
      91
      95
     103
     128
     102
     104
     101
     119
     112
     105
     115
     116
     126
     141
     142
     127
     150
     152
     123
     149
     158
     154
     149
     149
     170
     149
     192
     178
     145
     159
     147
     162
     166
     165
     139
     174
     133
     150
     145
     139
     134
     161
     126
     143
     104
     139
     121
     116
     128
     120
     101
      93
      88
      79
      93
      88
      91
      81
      93
      67
      80
      77
      52
      69
      61
      61
      57
      38
      48
      46
      29
      52
      23
      42
      39
      31
      31
      36
      29
      24
      31
      24
      17
      20
      22
      13
      14
      13
       6
      10
       9
      12
       8
      13
      13
       7
       6
       6
       9
       7
      11
       8
      10
      10
       9
       7
       9
       4
       7
       4
       4
       7
       5
       1
       6
       2
       2
       9
       3
       8
       4
       4
       6
       3
       2
       8
       5
       4
       4
       5
       5
       3
       2
       2
       5
       4
       3
       5
       4
       4
       5
       6
       6
       1
      10
       1
       3
       1
       6
       6
       6
       5
       6
      10
       4
       2
       7
       4
       8
       5
       7
       7
       4
       2
       3
       6
       5
       3
       2
       4
       5
       7
       7
       4
       3
       9
       1
       8
       4
       5
       9
       7
       2
      10
       1
       4
       0
       7
       7
       1
       4
       3
       5
       3
       3
       6
       5
       8
       3
       3
       5
       4
       1
       2
       2
       1
       9
       4
       9
       4
       5
       5
       6
       8
       1
       3
       2
       9
       3
       5
       3
       3
       4
       2
       5
       2
       5
       6
       4
       2
       7
       3
       4
       1
       5
       3
       2
       8
       5
       4
       4
       1
       4
       7
       5
       4
       2
       5
       5
       4
       1
       3
       1
       2
       4
       6
       5
       6
       3
       1
       1
       4
       6
       3
       3
       6
       4
       5
       7
       3
       1
       4
       4
       4
       4
       3
       4
       5
       6
       5
       3
       4
       3
       4
       6
       2
       5
       4
       8
       5
       8
       3
       3
       4
       1
       2
       6
       3
       5
       3
       4
       7
       0
       2
       3
       2
       1
       3
       2
       3
       2
       3
       1
       6
       3
       4
       5
       3
       5
       2
       2
       3
       5
       5
       2
       3
       3
       3
       2
       4
       0
       3
       5
       3
       2
       2
       5
       3
       1
       3
       4
       2
       1
       0
       0
       0
       0
       0
       0
       0
       0
       0
       0
       0
       0
       0
       0
       0
       0
       0
       0
       0
       0
       0
       0
       0
       0
       0
       0
       0
       0
       0
       0
       0
       0
       0
       0
       0
       0
       0
       0
       0
       0
       0
       0
       0
       0
       0
       0
       0
       0
       0
       0
       0
       0
       0
       0
       0
       0
       0
       0
       0
       0
       0
       0
       0
       0
       0
       0
       0
       0
       0
       0
       0
       0
       0
       0
       0
       0
       0
       0
       0
       0
       0
       0
       0
       0
       0
       0
       0
       0
       0
       0
       0
       0
       0
       0
       0
       0
       0
       0
       0
       0
       0
       0
       0
       0
       0
       0
       0
       0
       0
       0
       0
       0
$ROI:
5
471 536
564 647
763 844
1001 1090
1573 1669
$PRESETS:
Real Time
900
0
$ENER_FIT:
-20.212013 1.714672
$MCA_CAL:
3
-2.021201E+001 1.714672E+000 4.288640E-006 keV
$SHAPE_CAL:
3
1.158210E+001 3.853783E-002 -7.560620E-006
