$SPEC_ID:
This is spectrum 000
$SPEC_REM:
DET# 1
DETDESC# CK155-04 Easy-MCA-2k SN 12292282
AP# Maestro Version 7.01
$DATE_MEA:
02/17/2022 11:33:18
$MEAS_TIM:
897 900
$DATA:
0 2047
       0
       0
       0
       1
       0
       0
       0
       0
       0
       1
       1
       3
       3
      15
     455
     524
     524
     520
     506
     558
     574
     603
     653
     641
     587
     598
     600
     636
     631
     705
     697
     718
     750
     806
     928
     960
     944
     969
    1066
    1101
    1168
    1230
    1300
    1411
    1435
    1491
    1611
    1760
    1773
    1798
    1972
    1934
    2021
    2041
    2160
    2177
    2240
    2235
    2190
    2344
    2377
    2410
    2320
    2495
    2448
    2485
    2447
    2503
    2318
    2454
    2431
    2450
    2531
    2514
    2539
    2414
    2444
    2543
    2437
    2465
    2467
    2519
    2428
    2414
    2371
    2348
    2309
    2334
    2361
    2283
    2266
    2271
    2286
    2199
    2148
    2197
    2083
    2114
    2055
    2072
    2085
    1999
    1999
    1958
    1945
    1883
    1870
    1890
    1929
    1823
    1893
    1815
    1797
    1844
    1750
    1675
    1681
    1748
    1690
    1683
    1664
    1702
    1631
    1572
    1662
    1585
    1631
    1517
    1534
    1486
    1552
    1460
    1496
    1455
    1508
    1485
    1400
    1399
    1442
    1484
    1465
    1452
    1424
    1449
    1439
    1397
    1374
    1399
    1395
    1330
    1384
    1376
    1224
    1196
    1209
    1214
    1165
    1154
    1121
    1092
    1054
    1073
    1084
    1022
    1024
    1005
     990
    1026
     951
     967
     983
     924
     945
     946
     960
     968
     884
     903
     866
     836
     866
     884
     852
     842
     768
     874
     814
     788
     814
     771
     794
     723
     734
     719
     704
     711
     730
     755
     672
     749
     689
     708
     678
     733
     690
     722
     722
     648
     699
     671
     636
     691
     674
     660
     607
     636
     615
     626
     603
     627
     653
     605
     546
     557
     558
     491
     557
     549
     552
     529
     510
     513
     470
     486
     514
     517
     508
     465
     521
     465
     493
     508
     506
     444
     490
     472
     448
     452
     444
     446
     489
     446
     434
     443
     437
     424
     436
     420
     403
     446
     415
     408
     378
     437
     418
     411
     446
     388
     395
     368
     409
     386
     378
     379
     375
     391
     394
     380
     360
     358
     387
     315
     369
     377
     356
     398
     379
     339
     366
     364
     357
     390
     377
     369
     355
     381
     347
     370
     381
     388
     348
     399
     387
     394
     368
     377
     377
     362
     398
     382
     374
     393
     382
     374
     376
     342
     362
     378
     329
     371
     357
     329
     345
     324
     339
     308
     307
     302
     327
     311
     282
     281
     304
     289
     298
     302
     336
     287
     286
     301
     317
     319
     319
     316
     287
     300
     313
     337
     335
     311
     321
     298
     288
     293
     280
     326
     317
     264
     298
     315
     316
     299
     366
     325
     280
     268
     299
     269
     297
     276
     254
     250
     261
     250
     292
     288
     259
     235
     269
     276
     235
     239
     244
     238
     225
     267
     227
     227
     238
     200
     218
     214
     214
     242
     220
     198
     253
     216
     215
     245
     230
     221
     221
     230
     223
     227
     217
     222
     191
     215
     213
     202
     222
     221
     197
     205
     216
     165
     250
     223
     193
     224
     215
     210
     197
     215
     182
     226
     204
     197
     188
     199
     197
     182
     187
     176
     220
     203
     208
     189
     227
     205
     184
     195
     221
     197
     187
     178
     206
     225
     204
     215
     199
     195
     187
     222
     186
     196
     183
     209
     212
     181
     172
     191
     185
     191
     214
     195
     201
     203
     182
     194
     177
     214
     198
     187
     202
     186
     202
     209
     189
     201
     196
     195
     248
     212
     213
     228
     208
     223
     227
     242
     261
     227
     232
     247
     245
     245
     274
     227
     252
     282
     263
     265
     307
     264
     258
     283
     280
     291
     254
     256
     253
     282
     243
     244
     233
     209
     233
     199
     237
     214
     213
     232
     201
     213
     208
     214
     218
     201
     189
     209
     205
     206
     188
     198
     182
     188
     196
     179
     172
     181
     180
     173
     187
     185
     185
     167
     168
     167
     170
     193
     182
     173
     198
     187
     190
     195
     174
     174
     174
     180
     189
     181
     177
     213
     183
     187
     175
     178
     184
     162
     202
     190
     168
     191
     188
     168
     176
     189
     181
     180
     172
     189
     180
     201
     191
     190
     189
     174
     189
     187
     168
     183
     216
     193
     189
     183
     183
     193
     198
     187
     184
     193
     177
     187
     190
     166
     179
     202
     170
     202
     186
     180
     182
     183
     181
     176
     155
     155
     173
     179
     175
     167
     170
     174
     193
     155
     191
     166
     170
     181
     143
     200
     158
     172
     187
     157
     180
     153
     164
     179
     179
     162
     145
     160
     158
     172
     153
     163
     152
     181
     160
     149
     151
     169
     168
     163
     148
     154
     144
     153
     167
     149
     157
     162
     169
     138
     161
     140
     169
     139
     154
     140
     129
     134
     118
     124
     137
     139
     142
     137
     125
     140
     109
     125
     131
      97
     118
     117
     121
     102
     109
     121
     113
     114
      98
     102
     109
     116
      97
     110
      90
      98
     102
     106
      96
      86
     118
      80
     111
     109
     105
      74
     104
      87
      82
      96
     101
      86
      87
      72
      75
      82
      79
      90
      67
      95
      96
      79
      85
      80
      81
      76
      76
      80
      66
      73
      71
      84
      67
      79
      84
      84
      68
      62
      62
      79
      69
      71
      74
      67
      78
      86
      58
      70
      81
      68
      68
      83
      81
      76
      71
      79
      70
      89
      96
      68
      87
      87
      81
      97
     110
      99
      95
     120
     121
     125
     150
     149
     141
     166
     166
     158
     205
     217
     238
     254
     258
     274
     273
     334
     348
     340
     372
     370
     372
     433
     457
     447
     432
     460
     461
     479
     452
     530
     522
     531
     542
     495
     512
     505
     531
     500
     498
     478
     502
     425
     488
     424
     415
     430
     439
     370
     408
     350
     337
     306
     278
     268
     276
     254
     233
     238
     253
     199
     199
     199
     179
     187
     174
     192
     161
     169
     183
     147
     146
     176
     136
     176
     145
     160
     165
     158
     136
     136
     167
     170
     157
     151
     152
     161
     145
     160
     153
     147
     167
     124
     129
     145
     127
     131
     154
     129
     120
     112
      97
     103
     110
     109
      99
     113
      93
      89
      79
      77
      86
      85
      67
      49
      85
      80
      57
      50
      51
      60
      68
      43
      53
      62
      36
      43
      52
      54
      50
      48
      46
      51
      32
      40
      49
      35
      40
      46
      29
      47
      35
      42
      40
      41
      47
      36
      41
      45
      41
      38
      39
      41
      37
      45
      34
      43
      41
      43
      37
      30
      32
      36
      37
      32
      43
      41
      30
      59
      45
      36
      36
      47
      32
      33
      33
      47
      32
      42
      45
      45
      47
      43
      41
      49
      35
      41
      31
      25
      43
      46
      36
      32
      50
      35
      39
      48
      46
      35
      38
      33
      42
      45
      44
      44
      27
      45
      51
      46
      46
      42
      44
      38
      53
      41
      54
      51
      58
      43
      59
      47
      49
      59
      56
      53
      60
      66
      71
      61
      52
      59
      80
      70
      62
      77
      65
      54
      63
      68
      71
      77
      66
      56
      71
      53
      71
      66
      60
      50
      66
      57
      53
      63
      57
      66
      77
      50
      51
      56
      53
      41
      50
      50
      48
      46
      68
      52
      49
      56
      46
      44
      49
      60
      45
      53
      44
      50
      48
      43
      44
      52
      38
      63
      32
      59
      44
      42
      51
      37
      41
      51
      38
      38
      50
      44
      39
      43
      51
      46
      41
      42
      44
      37
      44
      43
      35
      45
      44
      37
      42
      40
      50
      48
      35
      48
      54
      50
      50
      44
      54
      50
      38
      36
      38
      38
      45
      44
      42
      29
      51
      45
      40
      47
      44
      38
      37
      42
      41
      39
      49
      40
      56
      48
      38
      34
      37
      37
      41
      37
      42
      45
      39
      45
      50
      54
      35
      41
      37
      47
      43
      35
      44
      33
      42
      40
      54
      51
      56
      36
      34
      44
      43
      42
      32
      42
      39
      56
      36
      39
      46
      43
      43
      50
      32
      46
      39
      46
      37
      46
      37
      29
      48
      37
      52
      45
      46
      47
      47
      42
      50
      26
      54
      38
      45
      38
      44
      35
      44
      46
      52
      37
      39
      43
      53
      53
      46
      46
      44
      34
      40
      32
      47
      51
      40
      50
      36
      55
      38
      34
      54
      33
      37
      46
      48
      37
      41
      38
      45
      53
      41
      41
      43
      46
      41
      48
      33
      47
      27
      49
      32
      37
      38
      39
      32
      49
      49
      35
      38
      33
      40
      54
      40
      41
      38
      48
      40
      46
      41
      41
      41
      54
      35
      34
      29
      50
      39
      43
      51
      56
      41
      51
      48
      40
      41
      48
      50
      45
      44
      42
      44
      46
      45
      37
      42
      46
      43
      41
      48
      46
      49
      53
      51
      36
      50
      42
      39
      51
      45
      40
      45
      56
      48
      51
      56
      47
      62
      50
      57
      51
      81
      52
      64
      56
      53
      55
      61
      77
      64
      69
      91
      84
      77
      76
      73
      90
      82
      80
      93
      76
      78
      85
      94
      93
      99
      82
      94
     109
      75
      87
      94
      86
      96
      98
     102
      86
     105
      95
      90
      97
      89
      89
      84
      79
      83
      85
      89
      88
      89
      82
      84
      79
      92
      71
      66
      79
      74
      66
      60
      74
      73
      67
      57
      67
      70
      61
      56
      64
      72
      64
      60
      58
      59
      57
      50
      66
      64
      60
      56
      57
      49
      42
      47
      56
      64
      65
      56
      47
      42
      47
      62
      53
      51
      47
      54
      44
      40
      60
      37
      67
      45
      51
      52
      56
      52
      59
      53
      45
      60
      51
      42
      46
      55
      50
      60
      46
      63
      50
      50
      47
      61
      57
      50
      51
      59
      64
      58
      50
      54
      41
      65
      59
      57
      51
      53
      56
      49
      59
      53
      56
      46
      47
      72
      53
      43
      58
      53
      44
      53
      53
      45
      57
      49
      55
      58
      41
      51
      55
      52
      41
      48
      55
      38
      45
      46
      47
      42
      47
      57
      45
      41
      45
      43
      38
      45
      39
      47
      52
      38
      25
      44
      28
      40
      41
      50
      39
      36
      43
      31
      30
      38
      35
      38
      27
      31
      23
      36
      19
      23
      27
      27
      29
      36
      32
      28
      26
      41
      27
      24
      24
      27
      40
      29
      26
      29
      22
      24
      31
      26
      25
      27
      26
      28
      33
      33
      32
      27
      34
      24
      29
      27
      30
      30
      27
      20
      29
      38
      30
      20
      22
      24
      32
      31
      16
      30
      29
      32
      26
      25
      23
      27
      23
      23
      37
      23
      32
      29
      16
      30
      20
      24
      20
      27
      29
      21
      22
      27
      14
      29
      25
      30
      27
      28
      34
      29
      35
      26
      32
      37
      43
      44
      37
      37
      56
      54
      49
      54
      65
      61
      63
      78
      65
      65
      81
      63
      85
      98
      81
      96
      89
      92
     107
     101
     116
     114
     131
     132
     126
     140
     128
     133
     143
     133
     154
     144
     150
     165
     164
     178
     153
     162
     171
     188
     153
     167
     173
     153
     166
     174
     161
     167
     154
     183
     170
     154
     183
     134
     176
     151
     135
     139
     154
     151
     150
     117
     122
     105
     118
     125
     109
      86
     119
     101
     112
      86
      92
     104
      64
      68
      87
      69
      64
      58
      52
      55
      63
      50
      48
      46
      42
      30
      32
      34
      25
      29
      25
      30
      26
      22
      26
      22
      22
      18
      18
      15
      13
      13
      10
      14
       7
      13
       8
       7
       6
      11
      12
       7
       7
       9
      11
       9
       6
       7
      10
       3
       4
       6
       5
       4
       6
       7
       4
       3
      10
      11
       6
       8
       7
       3
       1
       8
       4
       4
       4
       4
       2
       6
       3
       5
       7
       7
       5
       2
       5
       9
       6
       0
       7
       5
       6
       2
       4
       4
       3
       6
       6
       4
       4
       6
       7
       3
       5
       5
       4
       2
       5
       4
       1
       4
       5
       2
       4
       3
       7
       4
       3
       2
       5
       4
       9
       9
       6
       4
       9
       9
       4
       3
       7
       4
       6
       2
       4
       3
       6
       2
       3
       5
       3
       4
       7
       5
       5
       6
       3
       1
       2
       6
       7
       6
       6
       4
       9
       5
       5
       1
       3
       5
       7
       0
       2
       4
       5
       4
       4
       3
       3
       4
       2
       9
       7
       3
       6
       2
       2
       2
       7
       4
       6
       5
       5
       4
       6
       5
       5
       3
       3
       5
       4
       5
       3
      11
       3
       6
       4
       2
       4
       5
       4
       0
       7
       9
       5
       5
       9
       3
       6
       5
       1
       4
       9
       2
       2
       1
       8
       7
       2
       2
       5
       6
       3
       7
       2
       4
       3
       7
       4
       2
       3
       4
       5
       1
       2
       1
       5
       4
       5
       4
       5
       4
       4
       0
       5
       2
       5
       0
       2
       5
       1
       7
       4
       1
       3
       4
       0
       4
       2
       3
       5
       2
       6
       7
       2
       3
       1
       0
       0
       2
       4
       4
       4
       1
       3
       3
       0
       4
       3
       2
       5
       5
       4
       1
       2
       6
       1
       3
       1
       7
       3
       6
       6
       4
       0
       0
       0
       0
       0
       0
       0
       0
       0
       0
       0
       0
       0
       0
       0
       0
       0
       0
       0
       0
       0
       0
       0
       0
       0
       0
       0
       0
       0
       0
       0
       0
       0
       0
       0
       0
       0
       0
       0
       0
       0
       0
       0
       0
       0
       0
       0
       0
       0
       0
       0
       0
       0
       0
       0
       0
       0
       0
       0
       0
       0
       0
       0
       0
       0
       0
       0
       0
       0
       0
       0
       0
       0
       0
       0
       0
       0
       0
       0
       0
       0
       0
       0
       0
       0
       0
       0
       0
       0
       0
       0
       0
       0
       0
       0
       0
       0
       0
       0
       0
       0
       0
       0
       0
       0
       0
       0
       0
       0
       0
       0
       0
       0
$ROI:
5
471 536
564 647
763 844
1001 1090
1573 1669
$PRESETS:
Real Time
900
0
$ENER_FIT:
-20.212013 1.714672
$MCA_CAL:
3
-2.021201E+001 1.714672E+000 4.288640E-006 keV
$SHAPE_CAL:
3
1.158210E+001 3.853783E-002 -7.560620E-006
