$SPEC_ID:
This is spectrum 003
$SPEC_REM:
DET# 1
DETDESC# CK155-04 Easy-MCA-2k SN 12292282
AP# Maestro Version 7.01
$DATE_MEA:
02/17/2022 12:18:22
$MEAS_TIM:
897 900
$DATA:
0 2047
       0
       0
       0
       0
       0
       0
       0
       0
       0
       0
       0
       2
       1
      16
     398
     476
     447
     499
     507
     546
     544
     582
     611
     601
     562
     592
     578
     643
     622
     670
     707
     706
     772
     770
     794
     878
     893
     963
    1061
    1092
    1123
    1208
    1310
    1390
    1477
    1478
    1481
    1673
    1707
    1753
    1844
    1885
    2092
    2001
    1923
    2065
    2095
    2224
    2296
    2304
    2328
    2390
    2379
    2341
    2474
    2457
    2408
    2381
    2456
    2453
    2502
    2493
    2487
    2453
    2426
    2537
    2543
    2422
    2425
    2520
    2435
    2464
    2348
    2395
    2375
    2308
    2370
    2249
    2323
    2281
    2291
    2071
    2163
    2148
    2200
    2137
    2098
    2171
    1983
    2144
    2030
    2047
    1969
    1944
    1957
    2006
    1918
    1839
    1845
    1784
    1803
    1815
    1797
    1800
    1750
    1732
    1717
    1672
    1659
    1671
    1547
    1561
    1564
    1528
    1624
    1641
    1577
    1554
    1545
    1569
    1429
    1441
    1478
    1454
    1406
    1463
    1438
    1453
    1408
    1383
    1416
    1398
    1408
    1395
    1409
    1392
    1328
    1336
    1326
    1332
    1295
    1243
    1267
    1206
    1232
    1196
    1161
    1102
    1106
    1108
    1108
    1096
    1055
     995
     975
     988
     933
     914
     924
     979
     977
     971
     954
     940
     915
     943
     882
     869
     834
     857
     884
     880
     826
     850
     804
     855
     793
     808
     817
     833
     757
     741
     700
     729
     732
     707
     728
     705
     743
     663
     627
     682
     652
     640
     633
     696
     653
     634
     683
     636
     680
     651
     658
     593
     631
     629
     642
     586
     587
     591
     589
     573
     591
     586
     543
     563
     556
     496
     543
     525
     537
     492
     464
     497
     468
     450
     453
     476
     467
     510
     470
     473
     437
     468
     436
     463
     458
     426
     408
     437
     435
     412
     436
     430
     405
     443
     430
     384
     404
     401
     406
     404
     381
     450
     405
     379
     363
     380
     387
     374
     353
     370
     389
     371
     364
     367
     386
     360
     364
     363
     381
     332
     384
     336
     364
     346
     332
     359
     356
     346
     342
     343
     374
     349
     379
     373
     352
     373
     370
     361
     349
     367
     353
     370
     366
     376
     362
     365
     380
     384
     348
     374
     374
     357
     350
     360
     346
     360
     347
     326
     331
     323
     294
     313
     274
     281
     296
     297
     307
     299
     270
     278
     278
     266
     290
     290
     234
     284
     242
     295
     301
     256
     283
     314
     296
     295
     282
     309
     313
     278
     317
     284
     312
     295
     300
     288
     298
     280
     291
     307
     319
     280
     305
     279
     296
     311
     272
     293
     270
     282
     285
     267
     272
     272
     207
     258
     216
     244
     271
     209
     222
     239
     243
     245
     208
     215
     232
     224
     236
     207
     212
     204
     203
     231
     202
     223
     238
     208
     200
     202
     230
     212
     194
     203
     193
     218
     179
     198
     192
     240
     222
     209
     205
     201
     194
     210
     186
     193
     198
     201
     213
     192
     193
     200
     219
     217
     201
     187
     225
     222
     184
     194
     198
     215
     204
     200
     177
     172
     181
     230
     201
     181
     175
     226
     189
     205
     182
     194
     157
     210
     206
     189
     186
     196
     176
     183
     178
     184
     190
     181
     150
     203
     153
     197
     145
     198
     178
     170
     194
     196
     171
     186
     183
     163
     190
     192
     185
     188
     205
     185
     182
     170
     174
     193
     166
     181
     208
     197
     201
     161
     184
     203
     174
     213
     155
     168
     175
     198
     165
     157
     200
     174
     176
     187
     173
     176
     179
     175
     172
     219
     174
     174
     193
     177
     180
     176
     157
     182
     175
     163
     169
     161
     175
     179
     210
     156
     170
     177
     177
     178
     189
     175
     185
     182
     168
     189
     184
     179
     177
     205
     196
     200
     195
     200
     187
     163
     165
     173
     166
     174
     168
     173
     184
     172
     183
     151
     178
     192
     169
     174
     186
     162
     176
     188
     182
     184
     168
     152
     189
     169
     186
     174
     180
     174
     168
     163
     195
     175
     141
     169
     168
     144
     157
     182
     169
     165
     175
     181
     178
     182
     157
     165
     153
     149
     177
     180
     151
     144
     156
     172
     160
     177
     158
     157
     156
     154
     147
     139
     162
     161
     168
     161
     164
     162
     142
     159
     158
     164
     151
     161
     138
     156
     166
     179
     134
     151
     146
     182
     143
     191
     160
     163
     150
     158
     154
     146
     146
     141
     157
     139
     170
     139
     150
     144
     174
     161
     139
     165
     167
     165
     170
     166
     172
     153
     158
     145
     160
     168
     157
     153
     180
     142
     155
     139
     145
     159
     151
     143
     144
     148
     128
     156
     155
     140
     134
     145
     155
     137
     132
     127
     121
     114
     140
     124
     113
     119
     106
     109
      98
     126
     114
      93
      97
     104
      94
      98
      94
     128
      90
      97
      79
      93
      98
     101
     109
      95
      80
      88
      85
     100
      88
      81
      86
      83
      85
      93
      71
      81
      71
      75
     104
      97
      84
      74
      74
      81
      81
      81
      72
      91
      87
      75
      82
      72
      63
      77
      70
      75
      75
      79
      57
      84
      75
      86
      70
      86
      72
      58
      71
      76
      83
      71
      70
      69
      83
      72
      78
      73
      58
      69
      68
      75
      74
      76
      72
      60
      76
      70
      76
      82
      94
      93
     100
     103
     110
     104
     149
     121
     145
     157
     151
     155
     178
     198
     212
     217
     224
     245
     261
     275
     274
     290
     314
     364
     364
     326
     380
     418
     422
     408
     397
     453
     438
     472
     440
     440
     510
     501
     530
     506
     511
     479
     490
     506
     476
     470
     426
     447
     452
     422
     408
     375
     386
     359
     361
     347
     307
     293
     317
     266
     281
     260
     235
     250
     238
     227
     193
     206
     203
     185
     178
     171
     168
     177
     158
     156
     160
     146
     165
     180
     153
     158
     152
     158
     144
     174
     169
     178
     165
     147
     156
     166
     158
     172
     150
     153
     134
     148
     136
     140
     144
     132
     150
     122
     145
     144
     111
     119
     115
     121
     101
      98
      91
      92
      72
      67
      89
      73
      72
      75
      65
      78
      70
      55
      59
      65
      52
      48
      46
      54
      52
      59
      44
      47
      48
      42
      51
      40
      43
      38
      40
      47
      42
      44
      35
      42
      43
      45
      30
      50
      45
      31
      39
      44
      39
      36
      43
      37
      43
      44
      43
      43
      44
      43
      28
      29
      28
      43
      48
      39
      36
      33
      41
      46
      38
      48
      34
      41
      33
      47
      37
      35
      33
      39
      32
      47
      38
      33
      35
      29
      33
      33
      29
      42
      35
      26
      33
      30
      55
      20
      43
      46
      44
      43
      38
      33
      31
      41
      36
      42
      52
      39
      52
      43
      40
      43
      53
      50
      40
      56
      43
      45
      52
      42
      46
      43
      58
      61
      48
      56
      51
      48
      55
      56
      69
      61
      54
      53
      58
      70
      49
      64
      66
      61
      64
      63
      69
      68
      58
      64
      66
      68
      56
      61
      56
      68
      48
      46
      41
      58
      55
      59
      53
      48
      42
      51
      60
      56
      48
      56
      38
      49
      52
      47
      58
      44
      52
      61
      36
      50
      34
      53
      38
      53
      43
      51
      51
      57
      50
      48
      44
      50
      44
      51
      50
      41
      49
      49
      41
      44
      48
      41
      44
      44
      36
      47
      36
      42
      37
      40
      37
      38
      41
      40
      36
      39
      51
      39
      41
      41
      36
      36
      32
      35
      42
      47
      42
      45
      42
      32
      50
      43
      28
      39
      38
      48
      49
      47
      35
      47
      39
      34
      41
      45
      35
      44
      45
      40
      37
      33
      41
      40
      38
      42
      47
      47
      45
      33
      32
      52
      39
      37
      35
      48
      37
      39
      41
      33
      36
      31
      58
      42
      41
      36
      42
      34
      35
      33
      41
      47
      43
      37
      36
      50
      42
      41
      42
      36
      48
      31
      37
      39
      46
      37
      41
      43
      33
      43
      46
      43
      47
      36
      32
      47
      33
      35
      39
      37
      47
      46
      36
      36
      34
      35
      36
      39
      38
      40
      35
      38
      36
      42
      27
      49
      47
      46
      41
      32
      48
      46
      51
      56
      39
      47
      36
      42
      46
      43
      51
      33
      46
      31
      28
      53
      38
      38
      43
      43
      37
      55
      46
      40
      46
      45
      47
      26
      47
      27
      53
      51
      40
      32
      47
      45
      48
      45
      43
      35
      48
      37
      44
      45
      41
      33
      32
      48
      22
      41
      46
      40
      29
      43
      44
      52
      53
      39
      45
      34
      43
      54
      53
      36
      43
      33
      58
      52
      42
      63
      46
      39
      38
      40
      43
      37
      37
      38
      50
      54
      49
      45
      45
      35
      46
      48
      50
      46
      52
      47
      52
      65
      55
      49
      59
      57
      65
      55
      54
      66
      64
      66
      51
      61
      61
      79
      57
      61
      67
      71
      70
      87
      61
      78
      79
      69
      77
      69
      80
      83
      79
     107
      95
      86
      93
      99
      87
      90
     100
     105
      97
      89
      95
      75
      94
      86
      83
      93
      98
     106
      87
      76
      88
      80
      83
      88
      74
      65
      74
      68
      65
      78
      71
      79
      77
      56
      64
      73
      60
      70
      70
      54
      60
      55
      70
      53
      72
      44
      56
      54
      55
      57
      44
      40
      53
      50
      62
      69
      39
      43
      43
      48
      35
      52
      47
      46
      47
      43
      51
      52
      51
      58
      55
      51
      47
      43
      47
      54
      49
      51
      58
      66
      51
      47
      50
      54
      44
      58
      45
      48
      54
      47
      46
      45
      36
      44
      45
      64
      47
      54
      57
      53
      61
      59
      42
      53
      48
      46
      49
      43
      60
      42
      49
      61
      49
      64
      51
      34
      37
      40
      60
      61
      55
      44
      52
      46
      57
      52
      55
      44
      29
      38
      43
      55
      54
      46
      44
      47
      42
      56
      42
      45
      44
      41
      55
      41
      44
      36
      48
      37
      38
      36
      42
      47
      34
      29
      43
      38
      42
      28
      27
      30
      31
      45
      32
      20
      32
      28
      24
      34
      35
      29
      34
      24
      29
      27
      26
      27
      26
      27
      28
      20
      25
      27
      27
      39
      17
      22
      31
      29
      20
      21
      27
      21
      22
      32
      33
      26
      22
      18
      38
      25
      25
      21
      39
      26
      29
      20
      32
      31
      32
      21
      28
      21
      33
      23
      28
      18
      20
      24
      24
      27
      26
      29
      37
      36
      32
      35
      16
      24
      25
      26
      21
      13
      24
      21
      28
      29
      17
      28
      20
      29
      28
      33
      22
      30
      22
      32
      42
      25
      34
      35
      38
      37
      33
      47
      40
      38
      41
      39
      39
      36
      41
      53
      57
      44
      56
      59
      67
      60
      72
      65
      91
      67
      88
      98
     116
     101
      97
      87
      96
     120
     128
     113
     113
     138
     140
     137
     135
     133
     132
     144
     144
     146
     152
     148
     165
     151
     168
     166
     159
     146
     161
     175
     176
     149
     147
     142
     158
     162
     160
     157
     145
     149
     127
     134
     164
     123
     141
     148
     137
     126
     134
      88
     103
     108
     101
      89
      88
      80
      84
      78
      75
      83
      85
      60
      66
      84
      73
      60
      45
      64
      39
      49
      53
      43
      49
      36
      25
      25
      34
      23
      33
      24
      22
      20
      21
      19
      24
      17
      13
      10
      16
      15
      14
      11
       6
       9
      16
      12
      12
      12
       8
       7
      10
      10
       5
       5
       4
       6
       6
       5
       5
       5
       6
       3
       7
       7
       4
       2
       5
       9
       8
       9
       4
       3
       3
       4
       4
       6
       3
       8
       7
       3
       3
       4
       3
       4
       4
       1
       6
       8
       2
       1
       6
       7
       2
       6
       8
       3
       2
       6
       4
       3
       8
       2
       3
       2
       5
       3
       3
       6
       5
       3
       5
       7
       3
       4
       3
       5
       5
       2
       2
       4
       6
       7
       3
       6
       6
       4
       4
       5
       3
       5
       4
       6
       7
       7
       2
       3
       6
       3
       4
       6
       4
       7
       4
       4
       3
       2
       6
       1
       2
       6
       5
       4
       5
       1
       5
       7
       6
       6
       6
       5
       5
       5
       5
       3
       1
       3
       3
       1
       4
       2
       2
       5
       4
       1
       4
       2
       5
       4
       5
       2
       6
       5
       5
       3
       5
       3
       2
       1
       2
       7
       9
       8
       9
       3
       4
       9
       2
       7
       4
       4
       7
       6
       4
       8
       3
       5
       2
       6
       2
       1
       7
       2
       4
       5
       3
       2
       1
       6
       5
       5
       4
       1
       5
       4
       2
       3
       5
       6
       1
       1
       5
       3
       1
       6
       4
       7
       8
       3
       4
       4
       3
       2
       5
       2
       3
       5
       2
       2
       7
       5
       2
       3
       4
       1
       3
       4
       0
       0
       1
       4
       0
       6
       2
       4
       3
       1
       4
       3
       4
       0
       2
       3
       3
       3
       3
       4
       2
       4
       3
       8
       3
       2
       5
       3
       3
       5
       0
       1
       5
       3
       3
       4
       0
       0
       0
       0
       0
       0
       0
       0
       0
       0
       0
       0
       0
       0
       0
       0
       0
       0
       0
       0
       0
       0
       0
       0
       0
       0
       0
       0
       0
       0
       0
       0
       0
       0
       0
       0
       0
       0
       0
       0
       0
       0
       0
       0
       0
       0
       0
       0
       0
       0
       0
       0
       0
       0
       0
       0
       0
       0
       0
       0
       0
       0
       0
       0
       0
       0
       0
       0
       0
       0
       0
       0
       0
       0
       0
       0
       0
       0
       0
       0
       0
       0
       0
       0
       0
       0
       0
       0
       0
       0
       0
       0
       0
       0
       0
       0
       0
       0
       0
       0
       0
       0
       0
       0
       0
       0
       0
       0
       0
       0
       0
       0
       0
       0
$ROI:
5
471 536
564 647
763 844
1001 1090
1573 1669
$PRESETS:
Real Time
900
0
$ENER_FIT:
-20.212013 1.714672
$MCA_CAL:
3
-2.021201E+001 1.714672E+000 4.288640E-006 keV
$SHAPE_CAL:
3
1.158210E+001 3.853783E-002 -7.560620E-006
