$SPEC_ID:
This is spectrum 001
$SPEC_REM:
DET# 1
DETDESC# CK155-04 Easy-MCA-2k SN 12292282
AP# Maestro Version 7.01
$DATE_MEA:
02/17/2022 11:48:19
$MEAS_TIM:
897 900
$DATA:
0 2047
       0
       0
       0
       0
       0
       0
       2
       0
       0
       0
       1
       3
       2
      13
     441
     481
     511
     535
     545
     565
     550
     591
     635
     545
     596
     617
     606
     638
     636
     664
     688
     670
     746
     755
     813
     875
     851
     950
    1091
    1040
    1141
    1232
    1298
    1353
    1383
    1509
    1506
    1657
    1704
    1804
    1879
    1891
    1970
    1991
    2110
    2142
    2227
    2201
    2245
    2280
    2423
    2323
    2461
    2430
    2272
    2475
    2413
    2459
    2524
    2363
    2462
    2433
    2397
    2501
    2447
    2398
    2428
    2423
    2435
    2347
    2363
    2494
    2373
    2459
    2434
    2266
    2188
    2289
    2256
    2177
    2269
    2253
    2228
    2206
    2142
    2162
    2113
    2105
    2092
    2052
    1988
    1982
    1958
    1984
    1849
    1920
    1915
    1839
    1815
    1824
    1836
    1807
    1842
    1711
    1703
    1676
    1684
    1634
    1634
    1658
    1722
    1644
    1617
    1600
    1572
    1559
    1525
    1581
    1572
    1436
    1491
    1480
    1510
    1487
    1458
    1434
    1505
    1426
    1407
    1439
    1484
    1366
    1416
    1405
    1454
    1351
    1392
    1427
    1368
    1318
    1357
    1260
    1255
    1262
    1177
    1167
    1153
    1134
    1057
    1079
    1069
    1053
    1032
    1020
    1024
    1012
    1041
     988
    1002
     947
     993
     925
     967
     913
     909
     927
     903
     853
     830
     853
     856
     845
     907
     811
     845
     818
     757
     776
     786
     788
     767
     766
     734
     746
     715
     765
     668
     745
     687
     655
     715
     721
     673
     646
     675
     694
     688
     729
     640
     670
     675
     630
     663
     640
     618
     620
     614
     599
     601
     600
     570
     585
     578
     530
     578
     543
     524
     517
     531
     532
     520
     512
     510
     504
     500
     468
     516
     438
     463
     495
     463
     460
     449
     453
     423
     436
     455
     435
     489
     467
     425
     437
     426
     423
     387
     389
     402
     412
     405
     430
     421
     369
     380
     404
     374
     390
     359
     375
     364
     418
     367
     363
     350
     374
     362
     399
     360
     343
     356
     372
     393
     393
     361
     382
     383
     366
     389
     380
     385
     370
     368
     362
     366
     354
     372
     343
     360
     359
     395
     376
     384
     368
     342
     354
     393
     382
     376
     384
     348
     404
     372
     386
     380
     398
     387
     350
     332
     320
     354
     335
     322
     310
     302
     306
     292
     293
     319
     301
     297
     330
     287
     284
     306
     271
     279
     282
     280
     282
     254
     298
     289
     294
     299
     272
     321
     321
     284
     270
     272
     305
     309
     297
     313
     299
     315
     281
     335
     318
     304
     276
     298
     266
     291
     302
     260
     304
     258
     294
     282
     294
     264
     317
     266
     264
     247
     251
     255
     240
     251
     234
     236
     237
     225
     242
     231
     202
     208
     239
     204
     217
     251
     229
     221
     214
     190
     188
     211
     210
     231
     239
     237
     225
     188
     208
     212
     199
     204
     223
     201
     221
     198
     212
     220
     227
     196
     182
     192
     213
     223
     210
     186
     194
     215
     203
     184
     180
     205
     206
     194
     210
     186
     216
     184
     201
     173
     216
     168
     197
     203
     209
     172
     186
     166
     176
     204
     183
     195
     205
     208
     200
     190
     189
     186
     172
     181
     194
     192
     152
     204
     197
     191
     179
     189
     176
     198
     189
     209
     201
     204
     179
     173
     201
     187
     196
     152
     194
     188
     188
     198
     165
     177
     193
     171
     182
     193
     205
     176
     203
     192
     188
     198
     186
     196
     198
     196
     224
     204
     219
     186
     209
     221
     193
     205
     187
     188
     229
     226
     220
     178
     215
     210
     212
     204
     205
     195
     186
     195
     198
     196
     183
     194
     186
     199
     202
     186
     194
     174
     202
     182
     179
     174
     205
     179
     181
     186
     190
     172
     167
     190
     183
     229
     201
     179
     164
     214
     165
     161
     190
     199
     176
     160
     161
     180
     177
     169
     193
     164
     184
     192
     177
     166
     186
     200
     175
     182
     179
     208
     205
     175
     169
     184
     205
     154
     190
     159
     189
     202
     165
     178
     170
     164
     170
     177
     161
     164
     187
     171
     176
     224
     189
     160
     159
     153
     161
     189
     176
     158
     192
     153
     157
     162
     185
     155
     139
     169
     182
     147
     182
     166
     161
     156
     173
     165
     167
     155
     161
     124
     138
     152
     175
     173
     172
     172
     162
     164
     173
     164
     166
     154
     163
     169
     166
     181
     179
     167
     188
     173
     153
     172
     162
     164
     176
     167
     180
     166
     165
     180
     165
     183
     162
     151
     158
     167
     162
     153
     155
     158
     161
     170
     152
     145
     173
     187
     168
     150
     154
     158
     155
     161
     158
     149
     144
     120
     129
     142
     139
     139
     136
     138
     132
     125
     125
     130
     138
     124
     136
     120
     125
     116
     140
     110
     102
     112
     127
     115
      98
     110
     103
      95
      85
      91
      87
     107
      93
     109
     109
      80
      89
      83
      89
      99
      88
     100
     100
      96
      93
      86
      90
      84
      76
      82
      85
      78
      85
     103
      81
      97
      83
      77
      94
      83
      82
      80
      83
      69
      70
      62
      76
      84
      57
      75
      79
      81
      69
      78
      71
      77
      73
      70
      82
      75
      56
      73
      52
      70
      54
      70
      75
      75
      69
      66
      55
      89
      85
      74
      74
      90
      65
      80
      93
      97
      82
      94
      96
     115
     113
     124
     140
     117
     127
     159
     169
     196
     179
     165
     212
     212
     254
     236
     287
     294
     296
     326
     360
     379
     392
     387
     404
     450
     431
     451
     442
     500
     465
     536
     529
     477
     478
     511
     511
     494
     521
     491
     456
     478
     453
     466
     438
     442
     425
     403
     425
     392
     391
     371
     361
     307
     320
     308
     312
     270
     251
     200
     260
     224
     215
     204
     205
     191
     190
     163
     136
     164
     173
     159
     136
     125
     161
     140
     143
     167
     159
     156
     154
     157
     144
     147
     164
     167
     159
     164
     185
     138
     153
     135
     170
     156
     120
     144
     150
     131
     148
     137
     107
     117
     120
     114
     105
     113
     108
     113
      92
      89
      91
      86
      79
      98
      69
      88
      60
      65
      46
      66
      64
      53
      55
      54
      56
      52
      60
      45
      50
      51
      44
      28
      39
      47
      46
      39
      45
      37
      39
      27
      45
      41
      26
      37
      27
      46
      35
      43
      41
      32
      37
      34
      44
      32
      42
      40
      36
      40
      43
      30
      46
      42
      43
      44
      34
      31
      43
      46
      32
      37
      39
      41
      37
      34
      42
      44
      44
      39
      54
      30
      31
      38
      36
      36
      37
      36
      35
      46
      36
      48
      45
      32
      45
      43
      40
      42
      51
      37
      40
      29
      29
      40
      37
      42
      44
      43
      55
      37
      35
      51
      48
      59
      44
      54
      54
      52
      59
      57
      46
      61
      44
      49
      55
      63
      54
      62
      53
      54
      72
      53
      46
      58
      65
      70
      75
      63
      75
      70
      53
      46
      67
      74
      67
      45
      68
      67
      54
      65
      53
      59
      57
      57
      59
      51
      81
      60
      65
      57
      60
      55
      47
      60
      62
      60
      48
      48
      53
      34
      57
      51
      63
      51
      43
      44
      45
      56
      52
      47
      56
      46
      50
      48
      52
      36
      49
      45
      67
      45
      40
      40
      57
      50
      44
      44
      43
      39
      53
      48
      38
      35
      40
      37
      62
      48
      50
      40
      40
      43
      52
      48
      36
      48
      47
      48
      32
      36
      32
      34
      43
      32
      46
      42
      43
      44
      36
      41
      39
      34
      46
      48
      45
      34
      44
      47
      40
      50
      48
      40
      45
      48
      29
      40
      54
      36
      39
      46
      55
      30
      45
      41
      48
      46
      42
      48
      49
      44
      33
      37
      28
      43
      38
      36
      36
      28
      37
      48
      38
      46
      44
      36
      41
      52
      45
      37
      40
      42
      38
      40
      44
      34
      42
      37
      44
      38
      35
      48
      52
      34
      45
      39
      38
      41
      38
      46
      42
      39
      46
      36
      46
      35
      53
      38
      45
      57
      34
      49
      49
      51
      31
      42
      36
      49
      42
      44
      48
      50
      53
      36
      36
      52
      47
      36
      48
      47
      32
      35
      54
      45
      43
      37
      34
      35
      31
      35
      39
      40
      36
      49
      47
      30
      35
      37
      37
      51
      33
      50
      43
      51
      42
      35
      39
      38
      35
      31
      39
      39
      35
      51
      45
      50
      36
      40
      50
      39
      32
      55
      42
      42
      39
      43
      42
      53
      54
      52
      46
      42
      41
      44
      51
      40
      54
      35
      41
      43
      39
      32
      41
      36
      45
      44
      38
      46
      47
      55
      39
      36
      45
      40
      55
      48
      49
      41
      46
      47
      52
      48
      54
      47
      44
      40
      61
      43
      44
      57
      44
      39
      57
      55
      52
      46
      46
      57
      68
      52
      56
      59
      61
      59
      60
      65
      75
      69
      83
      67
      72
      63
      86
      80
      76
      86
      73
      97
      93
      93
     101
      98
      83
      94
      95
      94
      76
     101
      88
      95
      95
      97
      75
      80
     102
     112
      88
      98
      93
      90
      69
      83
      90
      98
      74
      72
      84
      91
      83
      76
      68
      91
      68
      79
      67
      71
      63
      68
      76
      70
      76
      67
      74
      70
      58
      65
      62
      56
      64
      61
      56
      62
      51
      46
      60
      52
      50
      63
      51
      73
      60
      64
      55
      56
      62
      50
      44
      56
      54
      47
      47
      56
      47
      56
      53
      49
      50
      51
      54
      51
      51
      49
      52
      47
      50
      58
      56
      65
      58
      52
      48
      67
      41
      60
      60
      56
      48
      47
      48
      57
      48
      61
      58
      58
      56
      49
      48
      55
      52
      43
      54
      53
      51
      55
      51
      41
      55
      51
      51
      44
      46
      45
      46
      41
      58
      51
      56
      57
      51
      52
      51
      53
      52
      42
      50
      41
      48
      33
      50
      51
      46
      49
      43
      45
      45
      32
      44
      53
      42
      41
      47
      40
      32
      42
      33
      33
      50
      41
      33
      28
      53
      34
      41
      36
      41
      33
      34
      35
      39
      22
      38
      39
      31
      28
      21
      25
      39
      31
      33
      24
      21
      29
      22
      26
      24
      24
      22
      26
      23
      26
      33
      35
      35
      21
      23
      26
      21
      28
      25
      25
      22
      39
      19
      29
      23
      30
      25
      27
      23
      34
      17
      25
      34
      26
      21
      26
      23
      30
      16
      24
      36
      25
      26
      26
      24
      21
      30
      30
      29
      36
      26
      29
      28
      29
      27
      30
      11
      23
      18
      34
      27
      22
      23
      21
      37
      25
      32
      34
      32
      24
      31
      34
      39
      32
      37
      44
      35
      32
      41
      45
      46
      46
      52
      42
      49
      69
      60
      58
      74
      74
      55
      81
      78
      85
      87
     104
     107
      95
      83
     108
      96
     109
     134
     107
     139
     113
     145
     140
     144
     134
     163
     147
     146
     156
     131
     162
     158
     172
     159
     148
     172
     143
     169
     151
     159
     175
     169
     167
     165
     156
     154
     157
     167
     150
     159
     159
     144
     163
     136
     118
     118
     145
     112
     116
     108
     112
     114
      93
      99
      88
     100
      88
      90
      83
      76
      73
      69
      66
      66
      81
      65
      46
      50
      58
      50
      43
      38
      33
      26
      34
      34
      30
      35
      37
      30
      28
      26
      23
      13
      19
      18
      16
      17
       9
       8
      14
      14
      14
      10
       7
       7
      12
      10
       6
      14
       6
       4
       8
      11
       8
      10
       3
       4
       5
       4
       3
       5
       5
       7
       2
       4
       3
       6
       5
       5
       4
       4
       5
       4
       3
       3
       9
       3
       2
       2
       4
       5
       2
       3
       9
       7
       5
       7
       4
       2
       5
       2
       0
       4
       5
       3
       8
       8
       6
       2
       5
       4
       6
       1
       4
       1
       6
       7
       3
       6
       5
       7
      10
       8
       9
       6
       3
       3
       5
       5
       3
       5
       7
       3
       2
       6
       4
       6
       5
       7
       6
      10
       5
       3
       4
       5
       4
       5
       5
       6
       6
       6
       6
       7
       3
       6
       2
       5
       3
       4
       6
       7
       7
       4
       5
       4
       1
       3
       2
       3
       3
       7
       2
       5
       3
       2
       8
       1
       5
       4
       5
      11
       6
       4
       6
       5
       5
       4
       4
       3
       5
       6
       3
       2
       4
       4
       3
       5
       3
       8
      10
       5
       5
       2
       3
       3
       3
       6
       1
       3
       4
       3
       2
       2
       4
       3
       4
       4
       4
       3
       2
       3
       3
       6
       1
       3
       4
       3
       1
       4
       6
       3
       3
       3
       2
       0
       1
       2
       9
       3
       7
       1
       2
       4
       3
       3
       6
       4
       3
       4
       1
       3
       3
       2
       4
       4
       1
       5
       2
       2
       3
       3
       3
       0
       3
       5
       1
       4
       1
       5
       4
       4
       1
       2
       2
       2
       8
       4
       2
       4
       7
       3
       4
       5
       3
       5
      10
       1
       4
       6
       4
       2
       3
       2
       2
       5
       5
       4
       3
       0
       3
       4
       1
       0
       0
       0
       0
       0
       0
       0
       0
       0
       0
       0
       0
       0
       0
       0
       0
       0
       0
       0
       0
       0
       0
       0
       0
       0
       0
       0
       0
       0
       0
       0
       0
       0
       0
       0
       0
       0
       0
       0
       0
       0
       0
       0
       0
       0
       0
       0
       0
       0
       0
       0
       0
       0
       0
       0
       0
       0
       0
       0
       0
       0
       0
       0
       0
       0
       0
       0
       0
       0
       0
       0
       0
       0
       0
       0
       0
       0
       0
       0
       0
       0
       0
       0
       0
       0
       0
       0
       0
       0
       0
       0
       0
       0
       0
       0
       0
       0
       0
       0
       0
       0
       0
       0
       0
       0
       0
       0
       0
       0
       0
       0
       0
       0
$ROI:
5
471 536
564 647
763 844
1001 1090
1573 1669
$PRESETS:
Real Time
900
0
$ENER_FIT:
-20.212013 1.714672
$MCA_CAL:
3
-2.021201E+001 1.714672E+000 4.288640E-006 keV
$SHAPE_CAL:
3
1.158210E+001 3.853783E-002 -7.560620E-006
