$SPEC_ID:
No sample description was entered.
$SPEC_REM:
DET# 1
DETDESC# CK155-08 Easy-MCA-2k SN 11080662
AP# Maestro Version 7.01
$DATE_MEA:
03/31/2022 15:37:27
$MEAS_TIM:
1806 1806
$DATA:
0 2047
       0
       0
       0
       0
       1
       1
       6
       1
       0
       0
       1
       0
       0
       0
       1
       0
       0
       0
       0
       0
       0
       0
       0
       0
       0
       0
       0
       0
       0
       0
       0
       0
       1
       0
       0
       0
       1
       0
       0
       0
       0
       0
       0
       0
       0
       0
       0
       0
       0
       0
       0
       0
       0
       0
       0
       0
       0
       0
       0
       0
       0
       0
       0
       0
       0
       0
       0
       0
       0
       0
       0
       0
       0
       0
       0
       0
       0
       0
       0
       1
       0
       0
       0
       0
       0
       0
       0
       0
       0
       0
       0
       0
       0
       0
       0
       0
       0
       0
       0
       0
       0
       0
       0
       0
       0
       0
       0
       0
       0
       0
       0
       0
       0
       0
       0
       0
       0
       0
       0
       0
       0
       0
       0
       0
       0
       0
       0
       0
       0
       0
       1
       0
       0
       0
       0
       0
       0
       0
       0
       0
       0
       1
       0
       0
       0
       0
       0
       0
       0
       0
       0
       0
       0
       0
       0
       0
       0
       0
       0
       0
       0
       0
       0
       0
       0
       0
       0
       0
       0
       0
       0
       0
       0
       0
       0
       0
       1
       1
       0
       0
       0
       0
       0
       0
       0
       0
       0
       0
       0
       0
       0
       0
       1
       0
       0
       0
       0
       0
       0
       0
       0
       0
       0
       0
       0
       0
       0
       0
       0
       0
       0
       0
       0
       0
       0
       0
       1
       0
       0
       0
       0
       0
       0
       0
       0
       0
       1
       0
       0
       0
       0
       0
       0
       0
       0
       0
       0
       0
       0
       0
       0
       0
       0
       0
       1
       0
       1
       0
       0
       0
       0
       0
       0
       0
       1
       0
       0
       0
       0
       0
       0
       0
       0
       0
       0
       0
       0
       1
       0
       0
       0
       0
       0
       0
       1
       0
       0
       0
       0
       0
       0
       0
       0
       2
       0
       0
       0
       0
       0
       0
       1
       0
       0
       0
       0
       0
       1
       0
       0
       2
       0
       0
       0
       0
       0
       0
       0
       0
       0
       0
       0
       0
       0
       0
       0
       0
       0
       0
       1
       0
       0
       0
       1
       0
       0
       0
       0
       0
       0
       0
       1
       0
       1
       0
       0
       1
       0
       0
       0
       0
       0
       0
       0
       0
       2
       0
       0
       0
       0
       0
       1
       0
       0
       1
       0
       2
       0
       1
       0
       1
       0
       0
       0
       0
       0
       0
       1
       0
       0
       1
       0
       0
       0
       0
       0
       0
       2
       0
       1
       0
       0
       0
       1
       2
       0
       0
       0
       0
       1
       0
       0
       0
       0
       0
       0
       0
       0
       0
       0
       0
       0
       1
       0
       0
       1
       0
       1
       0
       0
       0
       0
       1
       0
       0
       0
       0
       0
       0
       0
       1
       0
       0
       1
       1
       0
       1
       0
       1
       0
       1
       0
       0
       1
       0
       1
       1
       1
       1
       0
       1
       0
       0
       0
       1
       0
       1
       0
       2
       0
       0
       0
       0
       0
       0
       1
       1
       0
       0
       4
       1
       0
       0
       1
       1
       1
       0
       1
       2
       1
       1
       2
       0
       0
       2
       0
       0
       1
       1
       1
       0
       3
       2
       1
       0
       0
       0
       0
       0
       2
       0
       0
       2
       0
       1
       0
       1
       2
       0
       1
       0
       0
       2
       0
       2
       1
       1
       2
       1
       0
       0
       2
       1
       0
       0
       3
       1
       1
       1
       2
       2
       1
       0
       0
       0
       0
       1
       1
       1
       0
       1
       1
       3
       2
       3
       1
       4
       0
       1
       0
       2
       0
       2
       2
       0
       5
       0
       0
       2
       0
       1
       2
       3
       1
       1
       2
       1
       3
       3
       2
       1
       4
       3
       1
       2
       2
       0
       2
       4
       2
       0
       1
       2
       1
       1
       5
       1
       1
       3
       4
       2
       0
       5
       2
       3
       6
       2
       7
       2
       2
       2
       4
       1
       5
       0
       1
       4
       0
       3
       5
       7
       0
       0
       1
       3
       8
       1
       1
       1
       4
       1
       0
       2
       1
       2
       4
       3
       3
       4
       3
       1
       2
       4
       2
       5
       3
       3
       2
       4
       2
       2
       6
       3
       2
       6
       5
       5
       0
       3
       2
       2
       4
       8
       6
       4
       8
       4
       4
       1
       2
       3
       4
       3
       2
       3
       3
       8
       6
       5
       1
       8
       7
       6
       6
       6
       2
       3
       5
       7
       7
       5
       8
       7
       6
       6
       4
       4
       8
       4
       3
       4
      10
       2
       5
       4
       6
       8
       9
       7
       6
       9
       6
       3
      10
       3
       5
       5
       1
       8
      13
       6
       4
       6
       7
       8
       9
       8
      11
       6
      10
       4
      15
       6
       5
       9
       9
       6
       9
       9
       9
       7
       7
       7
      11
      11
       9
       5
       9
       5
       9
       9
       5
      10
      13
      13
       6
       9
       6
       8
       9
      11
      10
       7
      11
      11
       9
      14
      17
       8
       7
       8
       8
       8
       8
      10
      10
      14
      11
      11
      15
       9
       7
      15
       8
      16
      14
      12
      14
      12
       8
       8
      15
      18
      20
      19
      11
      20
      10
      13
       7
      13
      11
      13
      18
      24
      17
      16
      13
      23
      14
      14
      16
      16
      26
      21
      14
      16
      15
      17
      16
      17
      29
      19
      18
      23
      24
      26
      17
      25
      18
      25
      26
      26
      25
      21
      20
      26
      21
      30
      15
      20
      26
      17
      25
      24
      21
      27
      28
      26
      28
      20
      24
      27
      21
      23
      23
      31
      29
      26
      34
      29
      30
      26
      29
      25
      36
      22
      32
      32
      35
      29
      28
      31
      41
      38
      25
      33
      24
      26
      34
      28
      23
      24
      28
      35
      32
      25
      36
      33
      25
      27
      29
      24
      34
      22
      25
      33
      30
      27
      35
      24
      22
      25
      35
      26
      23
      32
      25
      20
      26
      13
      21
      12
      21
      16
      12
      12
      11
      12
      16
      13
      13
      11
      11
      13
      16
       9
      10
       8
       7
      13
       8
       9
       8
       3
       8
       4
       5
       5
       5
       4
       6
       3
       1
       6
       3
       3
       9
       2
       0
       4
       4
       2
       7
       2
       3
       2
       2
       4
       7
       1
       4
       3
       2
       3
       2
       4
       3
       0
       4
       3
       1
       4
       1
       4
       4
       3
       4
       3
       4
       3
       5
       0
       1
       1
       2
       4
       5
       3
       3
       1
       5
       2
       1
       4
       1
       3
       5
       4
       4
       3
       3
       5
       3
       4
       4
       6
       2
       3
       3
       2
       1
       1
       6
       2
       1
       3
       0
       2
       1
       2
       0
       2
       4
       0
       5
       2
       2
       1
       1
       3
       1
       2
       3
       2
       0
       1
       1
       1
       1
       1
       6
       2
       3
       4
       0
       3
       5
       1
       2
       1
       1
       0
       2
       0
       2
       3
       2
       3
       0
       2
       4
       1
       2
       2
       0
       1
       0
       1
       1
       2
       1
       0
       0
       0
       2
       2
       1
       0
       1
       2
       0
       1
       0
       1
       0
       1
       2
       0
       0
       1
       0
       0
       0
       0
       0
       1
       0
       1
       1
       0
       1
       0
       1
       1
       1
       0
       0
       0
       2
       0
       0
       0
       0
       0
       0
       1
       1
       0
       0
       0
       0
       0
       0
       0
       0
       1
       0
       0
       1
       0
       0
       0
       0
       0
       0
       0
       0
       0
       0
       0
       0
       0
       0
       0
       0
       0
       1
       0
       0
       0
       0
       0
       0
       0
       0
       0
       0
       0
       0
       0
       0
       0
       0
       0
       0
       0
       1
       0
       0
       0
       0
       0
       0
       0
       0
       0
       0
       0
       0
       0
       0
       0
       0
       0
       0
       0
       0
       0
       0
       0
       0
       0
       0
       0
       0
       0
       0
       0
       0
       0
       0
       0
       0
       0
       0
       0
       0
       0
       0
       0
       0
       0
       0
       0
       0
       0
       0
       0
       0
       0
       0
       1
       0
       0
       0
       0
       0
       0
       0
       0
       0
       0
       0
       0
       0
       0
       0
       0
       0
       0
       0
       0
       0
       0
       0
       0
       1
       0
       0
       0
       0
       0
       0
       0
       0
       0
       0
       0
       0
       0
       0
       0
       0
       0
       0
       0
       0
       0
       0
       0
       0
       0
       0
       1
       0
       0
       0
       0
       0
       0
       0
       0
       0
       0
       0
       0
       0
       0
       0
       0
       0
       0
       0
       0
       0
       0
       0
       0
       0
       0
       0
       0
       0
       0
       0
       0
       0
       0
       0
       0
       0
       0
       0
       0
       1
       0
       0
       0
       0
       0
       0
       0
       0
       0
       0
       0
       0
       0
       0
       0
       0
       0
       0
       0
       0
       0
       0
       0
       0
       0
       0
       0
       0
       0
       0
       0
       0
       0
       0
       0
       0
       0
       0
       0
       0
       0
       0
       0
       0
       0
       0
       0
       0
       0
       0
       0
       0
       0
       0
       0
       0
       0
       0
       0
       0
       0
       0
       0
       0
       1
       0
       0
       0
       0
       0
       0
       0
       0
       0
       0
       0
       0
       0
       0
       0
       0
       0
       0
       0
       0
       0
       0
       0
       0
       0
       0
       0
       0
       0
       0
       0
       0
       0
       0
       1
       0
       0
       0
       0
       0
       0
       0
       0
       0
       0
       0
       0
       0
       0
       0
       0
       0
       0
       0
       0
       0
       0
       0
       0
       0
       0
       0
       0
       0
       0
       0
       0
       0
       0
       0
       0
       1
       0
       0
       0
       0
       0
       0
       0
       0
       0
       0
       0
       0
       0
       0
       0
       0
       1
       0
       0
       0
       0
       0
       0
       0
       0
       0
       0
       0
       0
       0
       0
       0
       0
       0
       0
       1
       0
       0
       0
       0
       0
       0
       0
       0
       0
       0
       0
       0
       0
       0
       0
       0
       0
       0
       0
       0
       0
       0
       0
       0
       0
       0
       0
       1
       0
       0
       0
       0
       0
       0
       0
       0
       0
       0
       0
       0
       0
       0
       0
       0
       0
       0
       0
       0
       0
       0
       0
       0
       0
       0
       0
       0
       0
       0
       0
       0
       0
       0
       0
       0
       1
       0
       0
       0
       0
       0
       0
       0
       0
       0
       0
       0
       0
       0
       0
       0
       0
       0
       0
       0
       0
       0
       0
       0
       0
       0
       0
       0
       0
       0
       0
       0
       0
       0
       0
       0
       0
       0
       0
       0
       0
       0
       0
       0
       0
       0
       0
       0
       0
       0
       0
       0
       0
       0
       0
       0
       0
       0
       0
       0
       0
       0
       0
       1
       0
       0
       0
       0
       0
       0
       0
       0
       0
       0
       0
       0
       0
       0
       0
       0
       0
       0
       0
       0
       0
       1
       0
       1
       0
       0
       0
       0
       0
       0
       0
       0
       0
       0
       0
       0
       0
       0
       0
       0
       0
       0
       0
       0
       0
       0
       0
       0
       0
       0
       0
       0
       0
       0
       0
       0
       0
       0
       0
       0
       0
       0
       1
       0
       0
       0
       0
       0
       0
       0
       0
       0
       0
       0
       0
       0
       0
       0
       0
       0
       0
       0
       0
       0
       0
       0
       1
       0
       0
       0
       0
       0
       0
       0
       0
       0
       1
       0
       0
       0
       0
       0
       0
       0
       0
       0
       0
       0
       0
       0
       0
       0
       0
       0
       0
       0
       0
       0
       0
       0
       0
       0
       0
       0
       0
       0
       0
       0
       0
       0
       0
       0
       0
       0
       0
       0
       0
       0
       0
       0
       0
       0
       0
       0
       0
       0
       0
       0
       0
       0
       0
       0
       0
       0
       0
       0
       0
       0
       0
       0
       0
       0
       0
       0
       0
       0
       0
       0
       0
       0
       0
       0
       0
       0
       0
       0
       0
       0
       0
       0
       0
       0
       0
       0
       0
       0
       0
       0
       0
       0
       0
       0
       0
       0
       0
       0
       0
       0
       0
       0
       1
       0
       0
       1
       0
       0
       0
       0
       0
       0
       0
       0
       0
       0
       0
       0
       0
       0
       0
       0
       0
       0
       0
       0
       0
       0
       0
       0
       0
       0
       0
       0
       0
       0
       0
       0
       0
       0
       0
       0
       0
       0
       0
       0
       0
       0
       0
       0
       0
       0
       0
       0
       0
       0
       0
       0
       0
       0
       0
       0
       0
       0
       0
       0
       0
       0
       0
       0
       0
       0
       0
       0
       0
       0
       0
       0
       0
       0
       0
       0
       0
       0
       0
       0
       0
       0
       0
       0
       0
       0
       0
       0
       0
       0
       0
       0
       1
       0
       0
       0
       0
       0
       0
       0
       0
       0
       0
       0
       0
       0
       0
       0
       0
       0
       0
       0
       0
       0
       0
       0
       0
       0
       0
       0
       0
       0
       0
       0
       0
       0
       0
       0
       0
       0
       0
       0
       0
       0
       0
       0
       0
       0
       0
       0
       0
       0
       0
       0
       0
       0
       0
       0
       0
       0
       0
       0
       0
       0
       0
       0
       0
       0
       0
       0
       0
       0
       0
       0
       0
       0
       0
       0
       0
       0
       0
       0
       0
       1
       0
       0
       0
       0
       0
       0
       0
       0
       0
       0
       0
       0
       0
       1
       0
       0
       0
       0
       0
       0
       0
       0
       0
       0
       0
       0
       0
       0
       0
       0
       0
       0
       0
       0
       0
       0
       0
       0
       0
       0
       0
       0
       0
       0
       0
       0
       0
       0
       0
       0
       0
       0
       0
       0
       0
       0
       0
       0
       0
       0
       0
       0
       0
       0
       0
       0
       0
       0
       0
       0
       0
       0
       0
       0
$ROI:
1
1738 1887
$PRESETS:
None
0
0
$ENER_FIT:
0.000000 0.000000
$MCA_CAL:
3
0.000000E+000 0.000000E+000 0.000000E+000 
$SHAPE_CAL:
3
0.000000E+000 0.000000E+000 0.000000E+000
