$SPEC_ID:
No sample description was entered.
$SPEC_REM:
DET# 1
DETDESC# CK155-08 Easy-MCA-2k SN 11080662
AP# Maestro Version 7.01
$DATE_MEA:
03/31/2022 17:31:06
$MEAS_TIM:
62693 62694
$DATA:
0 2047
       0
       0
       0
       0
       0
       0
       0
       0
       0
       0
       0
       0
       0
       0
       0
       0
       0
       0
       0
       0
       0
       1
       0
       2
       0
       1
       0
       1
       0
       1
       0
       1
       2
       1
       0
       1
       0
       1
       0
       0
       0
       1
       2
       1
       0
       2
       0
       1
       1
       1
       2
       0
       0
       0
       0
       0
       0
       1
       0
       1
       0
       0
       0
       1
       1
       2
       0
       1
       1
       1
       1
       1
       0
       1
       1
       0
       1
       0
       2
       1
       2
       1
       4
       1
       1
       2
       0
       0
       0
       0
       1
       1
       0
       0
       0
       0
       2
       0
       0
       1
       1
       1
       0
       0
       2
       0
       0
       3
       0
       0
       0
       0
       0
       2
       0
       0
       2
       1
       0
       1
       0
       2
       2
       0
       0
       0
       0
       0
       2
       2
       1
       2
       0
       0
       1
       0
       0
       0
       1
       2
       2
       1
       1
       0
       2
       2
       3
       0
       4
       0
       0
       0
       1
       2
       1
       3
       0
       1
       4
       1
       2
       1
       1
       1
       4
       0
       2
       6
       2
       1
       3
       2
       4
       1
       1
       7
       5
       3
       3
       4
       4
       4
       1
       1
       2
       8
       4
       6
       8
      10
       3
       8
       9
       9
      10
       5
      13
      17
      10
       8
      15
      13
      13
      13
       6
      15
      15
       9
      18
      23
      13
      19
      24
      11
      17
      22
      16
      21
      26
      27
      13
      25
      19
      25
      19
      20
      31
      33
      26
      22
      18
      35
      38
      33
      24
      25
      35
      25
      35
      40
      36
      36
      40
      25
      46
      45
      40
      41
      43
      40
      47
      44
      46
      53
      51
      55
      47
      54
      50
      69
      51
      54
      69
      61
      63
      60
      67
      58
      62
      53
      53
      60
      59
      51
      49
      81
      72
      77
      75
      66
      76
      57
      80
      72
      79
      85
      80
      83
      76
      64
      89
      87
      95
      97
      90
     111
      84
      96
      88
      95
      92
      97
      82
      83
     108
     100
     102
     111
      96
      96
     110
      87
      95
      99
     101
      94
     108
     121
      83
      86
     111
     110
      98
     112
      99
     114
      90
      98
     105
     126
     108
     101
     117
     122
     119
     113
      96
     133
      94
     103
      87
     109
     108
     122
     115
     104
     112
     112
     113
      99
      85
     131
     105
     127
     119
     134
     131
     111
     127
     134
     129
     138
     152
     141
     157
     155
     156
     163
     218
     183
     158
     194
     212
     204
     223
     223
     271
     239
     255
     281
     273
     296
     303
     314
     342
     380
     359
     398
     400
     435
     462
     486
     473
     530
     531
     574
     572
     632
     611
     617
     662
     679
     651
     700
     753
     760
     795
     831
     796
     840
     824
     847
     904
     875
     928
     915
     976
     989
     971
     944
    1069
    1008
    1017
    1045
    1049
    1069
    1083
    1024
    1114
    1044
    1131
    1090
    1138
    1055
    1073
    1051
    1051
    1020
    1045
    1058
     985
    1003
    1003
     962
     998
     990
    1022
     986
     994
     995
    1032
     940
     952
     946
     962
     854
     897
     918
     904
     883
     860
     880
     887
     908
     859
     837
     814
     823
     863
     781
     851
     800
     819
     790
     771
     764
     726
     769
     797
     771
     717
     716
     686
     736
     683
     664
     677
     704
     682
     648
     690
     670
     616
     647
     639
     636
     616
     605
     662
     596
     577
     604
     575
     589
     575
     587
     602
     562
     555
     544
     533
     560
     528
     581
     551
     541
     534
     450
     526
     524
     484
     461
     479
     465
     480
     485
     488
     480
     467
     480
     427
     412
     422
     455
     397
     437
     415
     397
     386
     437
     393
     402
     404
     409
     400
     345
     366
     362
     373
     376
     368
     366
     381
     328
     354
     345
     349
     322
     357
     327
     324
     363
     328
     321
     297
     312
     319
     314
     310
     317
     282
     310
     327
     299
     298
     240
     284
     290
     268
     245
     256
     253
     252
     244
     260
     245
     266
     261
     232
     234
     243
     243
     247
     258
     231
     225
     236
     230
     218
     244
     203
     207
     208
     207
     205
     209
     226
     211
     206
     211
     213
     202
     191
     209
     179
     192
     210
     197
     202
     160
     186
     181
     193
     208
     196
     214
     170
     172
     173
     161
     190
     170
     147
     168
     157
     156
     143
     157
     180
     139
     166
     161
     162
     164
     141
     125
     149
     136
     136
     143
     122
     135
     140
     143
     127
     149
     118
     146
     124
     110
     129
     137
     121
     131
     108
     122
      98
      90
     117
     112
     124
     111
     125
     102
     100
     114
     112
      96
     125
     109
     114
     102
      95
      96
     108
      94
     109
     103
      88
      93
     102
      95
      99
      75
      88
      96
      82
      80
      84
      67
      99
      86
      77
      95
      83
      91
      72
      72
      84
      85
      68
      53
      69
      84
      77
      72
      79
      90
      67
      84
      70
      69
      65
      60
      72
      57
      56
      70
      55
      64
      44
      54
      63
      53
      58
      71
      50
      55
      56
      53
      54
      66
      52
      56
      52
      53
      68
      60
      57
      50
      53
      62
      54
      47
      59
      46
      50
      60
      39
      41
      35
      49
      49
      46
      53
      44
      39
      46
      53
      42
      50
      43
      45
      35
      42
      33
      41
      45
      49
      36
      57
      34
      31
      34
      41
      38
      36
      34
      38
      42
      27
      35
      40
      37
      36
      29
      26
      30
      32
      35
      36
      29
      31
      32
      31
      28
      26
      18
      40
      30
      35
      35
      24
      31
      27
      26
      22
      19
      23
      23
      30
      20
      19
      28
      23
      23
      23
      32
      17
      27
      28
      26
      23
      24
      24
      10
      16
      27
      13
      24
      28
      16
      15
      16
      15
      13
      23
      24
      23
      11
      17
      16
      22
      20
      15
      10
      23
      18
       8
      22
      17
      16
      18
      23
      20
      13
      15
      21
      22
      16
      18
      20
      14
      23
       7
      16
      12
      15
      13
      17
      16
      10
      13
      14
      13
      14
      17
      16
       7
      15
      15
      10
      11
      15
      12
      14
      12
      12
      10
       7
      16
       7
       9
      21
      13
      15
      13
      13
       7
      13
      17
      11
      11
       5
       6
       4
       7
      12
       8
      12
      11
       8
       9
      10
      11
       8
       6
      11
      12
       7
       6
       8
       6
      12
       9
      12
      12
       7
       5
      10
       7
      10
       9
      10
       7
       7
      11
      12
       8
       7
      11
       9
       7
       5
       8
       6
      10
       6
       9
       4
       5
      11
       6
       6
       6
       8
       7
       8
       2
       4
      12
       1
       5
      11
       8
       9
       7
       3
       6
       9
       6
       5
       7
      11
       4
       3
       4
       5
       3
      10
       7
       6
       7
       7
      10
       7
       5
       7
       5
       5
       5
      10
       6
       1
       5
       7
       3
       4
       4
       2
       2
       5
       4
       6
       3
       1
       5
       8
       3
       8
       5
       5
       3
       5
       7
       3
       2
       5
       1
       7
       5
       4
       3
       6
       5
       2
       3
       5
       4
       4
       4
       6
       5
       6
       0
       3
       8
       6
       1
       0
       4
       1
       3
       3
       1
       3
       2
       5
       2
       0
       1
       0
       3
       2
       5
       2
       1
       2
       2
       4
       3
       4
       3
       5
       1
       4
       3
       1
       1
       2
       2
       4
       3
       2
       5
       3
       4
       1
       2
       1
       2
       1
       2
       6
       3
       1
       0
       0
       6
       1
       1
       1
       0
       2
       2
       2
       0
       5
       5
       5
       1
       4
       2
       2
       4
       5
       1
       2
       2
       3
       1
       4
       5
       1
       1
       3
       3
       1
       2
       0
       0
       1
       1
       4
       3
       2
       1
       4
       3
       2
       3
       2
       1
       0
       2
       4
       2
       3
       2
       2
       2
       1
       2
       2
       2
       0
       1
       1
       2
       1
       1
       0
       1
       1
       0
       3
       1
       3
       3
       0
       4
       1
       0
       0
       0
       3
       1
       1
       4
       2
       1
       1
       2
       2
       0
       1
       2
       0
       1
       2
       0
       3
       2
       1
       0
       0
       0
       1
       0
       1
       1
       1
       1
       0
       3
       0
       0
       0
       2
       2
       2
       0
       2
       3
       0
       0
       2
       3
       0
       1
       3
       1
       3
       2
       1
       2
       1
       1
       3
       1
       0
       1
       1
       2
       1
       0
       0
       0
       1
       2
       1
       1
       0
       1
       0
       1
       0
       1
       0
       0
       3
       2
       1
       0
       2
       0
       0
       2
       5
       1
       0
       1
       3
       3
       1
       1
       1
       0
       0
       0
       0
       4
       0
       1
       1
       0
       1
       0
       1
       1
       0
       1
       0
       1
       0
       0
       2
       0
       1
       1
       1
       1
       2
       0
       0
       1
       1
       2
       2
       1
       1
       2
       0
       0
       1
       0
       1
       2
       2
       1
       2
       0
       0
       1
       1
       0
       1
       0
       0
       0
       1
       0
       0
       1
       0
       0
       1
       0
       0
       0
       1
       1
       0
       0
       0
       0
       0
       2
       0
       0
       2
       2
       0
       3
       3
       3
       2
       1
       2
       1
       1
       0
       1
       1
       1
       0
       1
       0
       0
       1
       0
       0
       0
       1
       3
       0
       1
       1
       0
       1
       0
       1
       0
       1
       2
       2
       3
       1
       0
       1
       1
       2
       1
       1
       0
       0
       0
       1
       2
       1
       0
       1
       0
       1
       0
       2
       0
       0
       0
       2
       0
       3
       0
       1
       0
       1
       2
       3
       3
       0
       0
       1
       3
       1
       1
       0
       1
       2
       1
       0
       1
       1
       1
       0
       1
       1
       0
       1
       2
       1
       1
       1
       1
       0
       0
       0
       1
       0
       1
       1
       0
       1
       4
       0
       1
       1
       0
       1
       2
       2
       2
       1
       2
       3
       1
       1
       1
       1
       1
       1
       0
       1
       2
       2
       0
       0
       0
       0
       0
       1
       1
       0
       1
       0
       0
       0
       0
       1
       0
       1
       1
       0
       1
       3
       0
       1
       0
       0
       2
       0
       0
       1
       2
       1
       1
       3
       0
       1
       1
       0
       0
       0
       2
       0
       0
       1
       1
       1
       2
       2
       0
       0
       3
       0
       0
       0
       1
       0
       0
       0
       1
       1
       3
       0
       1
       1
       4
       2
       0
       2
       1
       1
       0
       4
       1
       0
       0
       0
       1
       0
       0
       0
       0
       2
       1
       0
       2
       1
       1
       1
       0
       0
       0
       0
       0
       0
       1
       0
       0
       0
       0
       2
       1
       0
       1
       0
       0
       0
       0
       1
       0
       0
       0
       0
       1
       2
       0
       2
       1
       0
       0
       0
       0
       1
       1
       0
       0
       0
       0
       1
       1
       0
       0
       0
       0
       0
       1
       1
       0
       0
       1
       1
       2
       1
       1
       1
       1
       0
       0
       1
       1
       1
       0
       1
       0
       1
       0
       0
       2
       0
       0
       0
       0
       1
       2
       0
       2
       0
       1
       1
       0
       2
       0
       0
       0
       2
       0
       2
       0
       2
       0
       0
       2
       0
       1
       1
       0
       0
       1
       3
       0
       1
       1
       2
       0
       2
       0
       4
       0
       2
       0
       0
       1
       1
       2
       0
       0
       2
       0
       1
       0
       0
       0
       2
       0
       1
       0
       2
       0
       0
       0
       1
       1
       0
       1
       1
       4
       2
       2
       0
       0
       1
       0
       0
       1
       0
       2
       2
       1
       3
       0
       0
       0
       1
       0
       0
       0
       0
       0
       2
       0
       0
       2
       1
       0
       0
       1
       0
       0
       0
       2
       1
       0
       0
       0
       1
       0
       1
       0
       0
       3
       0
       2
       2
       0
       1
       1
       0
       1
       0
       0
       0
       0
       3
       0
       1
       1
       2
       1
       1
       1
       0
       1
       0
       1
       0
       0
       0
       0
       0
       2
       1
       0
       0
       0
       1
       0
       2
       1
       1
       1
       2
       0
       0
       0
       1
       1
       1
       1
       1
       0
       1
       2
       0
       0
       0
       0
       0
       0
       1
       1
       0
       1
       1
       0
       1
       0
       0
       2
       0
       0
       0
       1
       3
       1
       1
       1
       1
       0
       2
       0
       1
       0
       1
       0
       2
       4
       0
       0
       1
       1
       1
       1
       2
       0
       2
       0
       0
       0
       0
       1
       1
       0
       1
       0
       2
       0
       0
       1
       1
       2
       2
       0
       0
       2
       0
       1
       0
       0
       0
       1
       0
       0
       2
       1
       1
       0
       0
       0
       1
       1
       1
       0
       2
       0
       1
       0
       1
       0
       1
       1
       0
       0
       1
       0
       2
       1
       0
       0
       1
       0
       1
       1
       0
       1
       1
       0
       0
       0
       0
       1
       3
       3
       0
       0
       3
       1
       0
       2
       1
       0
       3
       0
       1
       0
       0
       0
       2
       0
       1
       1
       0
       0
       0
       1
       0
       0
       1
       1
       1
       2
       1
       4
       1
       0
       1
       0
       0
       1
       2
       1
       0
       0
       0
       0
       1
       0
       0
       2
       1
       0
       0
       1
       0
       0
       1
       0
       1
       1
       0
       0
       0
       1
       3
       0
       0
       0
       1
       0
       0
       1
       1
       2
       0
       0
       0
       1
       2
       1
       1
       0
       2
       0
       0
       0
       0
       1
       1
       0
       0
       0
       0
       1
       1
       1
       0
       1
       1
       0
       2
       2
       2
       0
       1
       0
       1
       1
       2
       0
       0
       3
       0
       1
       0
       1
       0
       2
       1
       0
       1
       1
       1
       0
       0
       0
       0
       0
       0
       0
       0
       0
       0
       0
       0
       0
       0
       0
       0
       0
       0
       0
       0
       0
       0
       0
       0
       0
       0
       0
       0
       0
       0
       0
       0
       0
       0
       0
       0
$ROI:
1
1738 1887
$PRESETS:
None
0
0
$ENER_FIT:
0.000000 0.000000
$MCA_CAL:
3
0.000000E+000 0.000000E+000 0.000000E+000 
$SHAPE_CAL:
3
0.000000E+000 0.000000E+000 0.000000E+000
